160
4 320 493 485 480 
4 122 499 498 496 
4 165 489 491 488 
4 294 494 487 483 
4 458 497 479 478 
4 152 481 476 473 
4 364 477 471 470 
4 254 492 457 469 
4 329 465 453 417 
4 322 428 426 466 
4 108 490 440 404 
4 64 456 416 415 
4 238 495 464 408 
4 217 484 393 389 
4 236 468 460 372 
4 142 486 435 418 
4 73 388 383 436 
4 446 472 400 370 
4 394 459 382 368 
4 461 438 413 381 
4 421 355 331 406 
4 325 474 411 398 
4 424 467 386 362 
4 188 463 366 342 
4 183 475 437 349 
4 11 374 357 354 
4 317 482 402 380 
4 195 452 444 346 
4 272 449 401 347 
4 118 454 344 343 
4 285 462 321 248 
4 323 455 430 260 
4 330 312 290 340 
4 205 451 431 338 
4 441 335 327 318 
4 407 445 395 215 
4 244 450 397 314 
4 375 429 353 287 
4 157 448 316 308 
4 66 442 378 313 
4 310 412 303 296 
4 124 447 367 243 
4 17 309 262 227 
4 283 433 339 239 
4 212 293 281 257 
4 377 405 332 275 
4 151 403 373 291 
4 334 432 220 305 
4 201 363 284 270 
4 209 439 255 253 
4 115 427 348 247 
4 70 356 269 232 
4 306 289 297 265 
4 6 391 361 228 
4 192 422 282 184 
4 237 425 387 259 
4 36 443 250 161 
4 102 434 280 274 
4 109 392 307 211 
4 162 345 251 223 
3 91 399 218 
3 189 241 178 
3 208 390 222 
3 96 414 229 
3 116 419 206 
3 40 409 216 
3 37 385 336 
3 58 410 295 
3 35 246 224 
3 111 365 186 
3 190 202 194 
3 54 396 245 
3 230 384 204 
3 271 341 185 
3 41 379 263 
3 164 359 277 
3 107 351 179 
3 85 371 267 
3 181 302 191 
3 103 360 173 
3 28 176 171 
3 101 328 169 
3 38 324 168 
3 61 276 146 
3 298 304 150 
3 55 240 174 
3 234 226 198 
3 264 242 153 
3 256 137 126 
3 315 144 167 
3 94 358 84 
3 207 292 143 
3 225 273 200 
3 159 376 87 
3 156 231 145 
3 125 337 148 
3 78 235 163 
3 172 288 138 
3 100 319 135 
3 134 350 160 
3 219 147 133 
3 77 352 127 
3 121 268 117 
3 76 278 233 
3 29 221 140 
3 60 177 98 
3 170 136 82 
3 175 132 131 
3 95 258 130 
3 89 210 110 
3 22 249 88 
3 193 139 119 
3 32 311 75 
3 141 74 67 
3 13 129 128 
3 0 180 83 
3 326 62 68 
3 279 39 104 
3 69 301 53 
3 105 266 114 
2 90 261 
2 420 63 
2 45 213 
2 30 299 
2 27 214 
2 423 57 
2 59 203 
2 26 155 
2 48 79 
2 113 81 
2 71 199 
2 42 187 
2 49 166 
2 18 123 
2 5 112 
2 16 182 
2 47 4 
2 1 51 
2 34 80 
2 120 44 
2 3 106 
2 46 149 
2 2 158 
2 196 43 
2 23 25 
2 65 10 
2 97 9 
2 7 50 
2 72 99 
2 93 92 
2 31 20 
2 24 56 
2 12 8 
2 86 15 
2 333 19 
2 14 52 
2 154 300 
2 369 21 
2 286 33 
2 197 252 
