1628
4 2454 9999 9998 9997 
4 8407 9996 9995 9994 
4 3463 9993 9992 9991 
4 5922 9990 9989 9988 
4 4769 9987 9986 9985 
4 2440 9984 9983 9982 
4 1563 9981 9980 9979 
4 6072 9978 9977 9976 
4 8919 9975 9974 9973 
4 4821 9972 9971 9970 
4 4888 9969 9968 9967 
4 8023 9966 9965 9964 
4 9183 9963 9962 9961 
4 8359 9960 9959 9958 
4 4551 9957 9956 9955 
4 2545 9954 9953 9952 
4 8156 9951 9950 9949 
4 7069 9948 9947 9946 
4 7675 9945 9944 9943 
4 8398 9942 9941 9940 
4 7610 9939 9938 9937 
4 4232 9936 9935 9934 
4 5921 9933 9932 9931 
4 2890 9930 9929 9928 
4 1246 9927 9926 9925 
4 2889 9924 9923 9922 
4 8399 9921 9920 9919 
4 952 9918 9917 9916 
4 9900 9915 9914 9913 
4 7230 9912 9911 9910 
4 8416 9909 9908 9907 
4 1178 9906 9905 9904 
4 8609 9903 9902 9901 
4 3783 9899 9898 9897 
4 5260 9896 9895 9894 
4 5255 9893 9892 9891 
4 1027 9890 9889 9888 
4 5313 9887 9886 9885 
4 9169 9884 9883 9882 
4 6946 9881 9880 9879 
4 4125 9878 9877 9876 
4 7499 9875 9874 9873 
4 4859 9872 9871 9870 
4 7821 9869 9868 9867 
4 736 9866 9865 9864 
4 376 9863 9862 9861 
4 4264 9860 9859 9858 
4 1781 9857 9856 9855 
4 6893 9854 9853 9852 
4 659 9851 9850 9849 
4 6201 9848 9847 9846 
4 827 9845 9844 9843 
4 6662 9842 9841 9840 
4 5528 9839 9838 9837 
4 7876 9836 9835 9834 
4 3174 9833 9832 9831 
4 9104 9830 9829 9828 
4 9336 9827 9826 9825 
4 2669 9824 9823 9822 
4 8650 9821 9820 9819 
4 69 9818 9817 9816 
4 6740 9815 9814 9813 
4 5115 9812 9811 9810 
4 6316 9809 9808 9807 
4 3603 9806 9805 9804 
4 4656 9803 9802 9801 
4 850 9800 9799 9798 
4 8900 9797 9796 9795 
4 846 9794 9793 9792 
4 3550 9791 9790 9789 
4 5108 9788 9787 9786 
4 165 9785 9784 9783 
4 8372 9782 9781 9780 
4 2077 9779 9778 9777 
4 3606 9776 9775 9774 
4 2515 9773 9772 9771 
4 9290 9770 9769 9768 
4 6137 9767 9766 9765 
4 3539 9764 9763 9762 
4 6936 9761 9760 9759 
4 3986 9758 9757 9756 
4 9585 9755 9754 9753 
4 981 9752 9751 9750 
4 8420 9749 9748 9747 
4 4299 9746 9745 9744 
4 7697 9743 9742 9741 
4 812 9740 9739 9738 
4 8493 9737 9736 9735 
4 8999 9734 9733 9732 
4 9446 9731 9730 9729 
4 9601 9728 9727 9726 
4 9663 9725 9724 9723 
4 4549 9722 9721 9720 
4 4059 9719 9718 9717 
4 3428 9716 9715 9714 
4 652 9713 9712 9711 
4 142 9710 9709 9708 
4 496 9707 9706 9705 
4 7153 9704 9703 9702 
4 5887 9701 9700 9699 
4 300 9698 9697 9696 
4 1700 9695 9694 9693 
4 7112 9692 9691 9690 
4 6061 9689 9688 9687 
4 1480 9686 9685 9684 
4 5188 9683 9682 9681 
4 7880 9680 9679 9678 
4 5140 9677 9676 9675 
4 542 9674 9673 9672 
4 8763 9671 9670 9669 
4 6216 9668 9667 9666 
4 986 9665 9664 9662 
4 7586 9661 9660 9659 
4 218 9658 9657 9656 
4 8225 9655 9654 9653 
4 8914 9652 9651 9650 
4 6713 9649 9648 9647 
4 6456 9646 9645 9644 
4 3870 9643 9642 9641 
4 6313 9640 9639 9638 
4 3015 9637 9636 9635 
4 3520 9634 9633 9632 
4 6005 9631 9630 9629 
4 2520 9628 9627 9626 
4 2958 9625 9624 9623 
4 6232 9622 9621 9620 
4 3402 9619 9618 9617 
4 5996 9616 9615 9614 
4 983 9613 9612 9611 
4 2687 9610 9609 9608 
4 7631 9607 9606 9605 
4 7415 9604 9603 9602 
4 5895 9600 9599 9598 
4 3172 9597 9596 9595 
4 5745 9594 9593 9592 
4 444 9591 9590 9589 
4 6500 9588 9587 9586 
4 8317 9584 9583 9582 
4 4756 9581 9580 9579 
4 3946 9578 9577 9576 
4 6328 9575 9574 9573 
4 5032 9572 9571 9570 
4 8938 9569 9568 9567 
4 16 9566 9565 9564 
4 3557 9563 9562 9561 
4 8569 9560 9559 9558 
4 2337 9557 9556 9555 
4 3040 9554 9553 9552 
4 1497 9551 9550 9549 
4 7999 9548 9547 9546 
4 8720 9545 9544 9543 
4 5897 9542 9541 9540 
4 2357 9539 9538 9537 
4 9228 9536 9535 9534 
4 5024 9533 9532 9531 
4 7568 9530 9529 9528 
4 3062 9527 9526 9525 
4 2050 9524 9523 9522 
4 7357 9521 9520 9519 
4 4535 9518 9517 9516 
4 9285 9515 9514 9513 
4 147 9512 9511 9510 
4 2051 9509 9508 9507 
4 1847 9506 9505 9504 
4 4396 9503 9502 9501 
4 9472 9500 9499 9498 
4 5430 9497 9496 9495 
4 9181 9494 9493 9492 
4 2006 9491 9490 9489 
4 738 9488 9487 9486 
4 5666 9485 9484 9483 
4 4972 9482 9481 9480 
4 6255 9479 9478 9477 
4 7781 9476 9475 9474 
4 7484 9473 9471 9470 
4 5236 9469 9468 9467 
4 5781 9466 9465 9464 
4 7680 9463 9462 9461 
4 4747 9460 9459 9458 
4 7534 9457 9456 9455 
4 8800 9454 9453 9452 
4 4087 9451 9450 9449 
4 6420 9448 9447 9445 
4 3747 9444 9443 9442 
4 2172 9441 9440 9439 
4 2042 9438 9437 9436 
4 8294 9435 9434 9433 
4 9079 9432 9431 9430 
4 9087 9429 9428 9427 
4 9063 9426 9425 9424 
4 6897 9423 9422 9421 
4 7406 9420 9419 9418 
4 6734 9417 9416 9415 
4 7044 9414 9413 9412 
4 4884 9411 9410 9409 
4 5974 9408 9407 9406 
4 9052 9405 9404 9403 
4 1918 9402 9401 9400 
4 4419 9399 9398 9397 
4 3277 9396 9395 9394 
4 9040 9393 9392 9391 
4 7495 9390 9389 9388 
4 7661 9387 9386 9385 
4 4796 9384 9383 9382 
4 3451 9381 9380 9379 
4 1878 9378 9377 9376 
4 2837 9375 9374 9373 
4 9340 9372 9371 9370 
4 2325 9369 9368 9367 
4 4811 9366 9365 9364 
4 5167 9363 9362 9361 
4 8596 9360 9359 9358 
4 1654 9357 9356 9355 
4 5776 9354 9353 9352 
4 4981 9351 9350 9349 
4 6967 9348 9347 9346 
4 3201 9345 9344 9343 
4 6573 9342 9341 9339 
4 3958 9338 9337 9335 
4 528 9334 9333 9332 
4 4015 9331 9330 9329 
4 5616 9328 9327 9326 
4 7360 9325 9324 9323 
4 4282 9322 9321 9320 
4 185 9319 9318 9317 
4 8528 9316 9315 9314 
4 5110 9313 9312 9311 
4 7981 9310 9309 9308 
4 6892 9307 9306 9305 
4 561 9304 9303 9302 
4 8072 9301 9300 9299 
4 8945 9298 9297 9296 
4 6974 9295 9294 9293 
4 1324 9292 9291 9289 
4 689 9288 9287 9286 
4 5552 9284 9283 9282 
4 3898 9281 9280 9279 
4 1745 9278 9277 9276 
4 1502 9275 9274 9273 
4 4872 9272 9271 9270 
4 7103 9269 9268 9267 
4 1548 9266 9265 9264 
4 9023 9263 9262 9261 
4 2117 9260 9259 9258 
4 4061 9257 9256 9255 
4 3639 9254 9253 9252 
4 2439 9251 9250 9249 
4 1119 9248 9247 9246 
4 3149 9245 9244 9243 
4 6782 9242 9241 9240 
4 9007 9239 9238 9237 
4 625 9236 9235 9234 
4 5270 9233 9232 9231 
4 1060 9230 9229 9227 
4 1779 9226 9225 9224 
4 8956 9223 9222 9221 
4 5459 9220 9219 9218 
4 2182 9217 9216 9215 
4 4316 9214 9213 9212 
4 3037 9211 9210 9209 
4 833 9208 9207 9206 
4 811 9205 9204 9203 
4 6696 9202 9201 9200 
4 4079 9199 9198 9197 
4 3807 9196 9195 9194 
4 3241 9193 9192 9191 
4 8666 9190 9189 9188 
4 8770 9187 9186 9185 
4 5063 9184 9182 9180 
4 9077 9179 9178 9177 
4 965 9176 9175 9174 
4 7056 9173 9172 9171 
4 366 9170 9168 9167 
4 7507 9166 9165 9164 
4 1446 9163 9162 9161 
4 4344 9160 9159 9158 
4 4176 9157 9156 9155 
4 761 9154 9153 9152 
4 8865 9151 9150 9149 
4 3115 9148 9147 9146 
4 5474 9145 9144 9143 
4 3193 9142 9141 9140 
4 2920 9139 9138 9137 
4 8487 9136 9135 9134 
4 80 9133 9132 9131 
4 6392 9130 9129 9128 
4 6901 9127 9126 9125 
4 382 9124 9123 9122 
4 5725 9121 9120 9119 
4 8139 9118 9117 9116 
4 8424 9115 9114 9113 
4 6848 9112 9111 9110 
4 1694 9109 9108 9107 
4 4429 9106 9105 9103 
4 783 9102 9101 9100 
4 4729 9099 9098 9097 
4 8483 9096 9095 9094 
4 3367 9093 9092 9091 
4 5931 9090 9089 9088 
4 8952 9086 9085 9084 
4 4244 9083 9082 9081 
4 1811 9080 9078 9076 
4 5414 9075 9074 9073 
4 885 9072 9071 9070 
4 1108 9069 9068 9067 
4 7424 9066 9065 9064 
4 332 9062 9061 9060 
4 5157 9059 9058 9057 
4 6143 9056 9055 9054 
4 2407 9053 9051 9050 
4 309 9049 9048 9047 
4 4950 9046 9045 9044 
4 5091 9043 9042 9041 
4 1862 9039 9038 9037 
4 3610 9036 9035 9034 
4 192 9033 9032 9031 
4 6995 9030 9029 9028 
4 4149 9027 9026 9025 
4 3136 9024 9022 9021 
4 2162 9020 9019 9018 
4 2621 9017 9016 9015 
4 5753 9014 9013 9012 
4 2103 9011 9010 9009 
4 2229 9008 9006 9005 
4 7549 9004 9003 9002 
4 3256 9001 9000 8998 
4 3836 8997 8996 8995 
4 2524 8994 8993 8992 
4 3271 8991 8990 8989 
4 188 8988 8987 8986 
4 266 8985 8984 8983 
4 7985 8982 8981 8980 
4 6496 8979 8978 8977 
4 4060 8976 8975 8974 
4 1627 8973 8972 8971 
4 7011 8970 8969 8968 
4 769 8967 8966 8965 
4 220 8964 8963 8962 
4 4018 8961 8960 8959 
4 6342 8958 8957 8955 
4 3444 8954 8953 8951 
4 7770 8950 8949 8948 
4 7209 8947 8946 8944 
4 3056 8943 8942 8941 
4 2552 8940 8939 8937 
4 1652 8936 8935 8934 
4 1587 8933 8932 8931 
4 3206 8930 8929 8928 
4 7404 8927 8926 8925 
4 1331 8924 8923 8922 
4 8265 8921 8920 8918 
4 1510 8917 8916 8915 
4 2032 8913 8912 8911 
4 4042 8910 8909 8908 
4 5547 8907 8906 8905 
4 6100 8904 8903 8902 
4 6585 8901 8899 8898 
4 2928 8897 8896 8895 
4 8853 8894 8893 8892 
4 3999 8891 8890 8889 
4 336 8888 8887 8886 
4 639 8885 8884 8883 
4 8828 8882 8881 8880 
4 3190 8879 8878 8877 
4 3763 8876 8875 8874 
4 4035 8873 8872 8871 
4 425 8870 8869 8868 
4 5869 8867 8866 8864 
4 7532 8863 8862 8861 
4 6283 8860 8859 8858 
4 7134 8857 8856 8855 
4 882 8854 8852 8851 
4 176 8850 8849 8848 
4 1040 8847 8846 8845 
4 2484 8844 8843 8842 
4 3944 8841 8840 8839 
4 118 8838 8837 8836 
4 694 8835 8834 8833 
4 3000 8832 8831 8830 
4 35 8829 8827 8826 
4 1143 8825 8824 8823 
4 1043 8822 8821 8820 
4 1483 8819 8818 8817 
4 6819 8816 8815 8814 
4 4705 8813 8812 8811 
4 6082 8810 8809 8808 
4 5864 8807 8806 8805 
4 4403 8804 8803 8802 
4 7901 8801 8799 8798 
4 8700 8797 8796 8795 
4 6950 8794 8793 8792 
4 1384 8791 8790 8789 
4 3169 8788 8787 8786 
4 6685 8785 8784 8783 
4 3735 8782 8781 8780 
4 2816 8779 8778 8777 
4 1137 8776 8775 8774 
4 6729 8773 8772 8771 
4 1735 8769 8768 8767 
4 7454 8766 8765 8764 
4 1318 8762 8761 8760 
4 5712 8759 8758 8757 
4 4510 8756 8755 8754 
4 6916 8753 8752 8751 
4 1840 8750 8749 8748 
4 6057 8747 8746 8745 
4 2206 8744 8743 8742 
4 7993 8741 8740 8739 
4 3010 8738 8737 8736 
4 1079 8735 8734 8733 
4 4670 8732 8731 8730 
4 4810 8729 8728 8727 
4 4240 8726 8725 8724 
4 5148 8723 8722 8721 
4 3521 8719 8718 8717 
4 4109 8716 8715 8714 
4 396 8713 8712 8711 
4 8675 8710 8709 8708 
4 2468 8707 8706 8705 
4 5074 8704 8703 8702 
4 7574 8701 8699 8698 
4 7365 8697 8696 8695 
4 1751 8694 8693 8692 
4 2351 8691 8690 8689 
4 5350 8688 8687 8686 
4 7794 8685 8684 8683 
4 4985 8682 8681 8680 
4 6491 8679 8678 8677 
4 6954 8676 8674 8673 
4 1281 8672 8671 8670 
4 7300 8669 8668 8667 
4 1788 8665 8664 8663 
4 3299 8662 8661 8660 
4 6656 8659 8658 8657 
4 404 8656 8655 8654 
4 4724 8653 8652 8651 
4 2854 8649 8648 8647 
4 8422 8646 8645 8644 
4 5930 8643 8642 8641 
4 1769 8640 8639 8638 
4 134 8637 8636 8635 
4 4108 8634 8633 8632 
4 3874 8631 8630 8629 
4 5956 8628 8627 8626 
4 2085 8625 8624 8623 
4 3965 8622 8621 8620 
4 2136 8619 8618 8617 
4 5469 8616 8615 8614 
4 590 8613 8612 8611 
4 6564 8610 8608 8607 
4 8291 8606 8605 8604 
4 5147 8603 8602 8601 
4 2634 8600 8599 8598 
4 4653 8597 8595 8594 
4 213 8593 8592 8591 
4 3057 8590 8589 8588 
4 105 8587 8586 8585 
4 8302 8584 8583 8582 
4 8135 8581 8580 8579 
4 1042 8578 8577 8576 
4 7407 8575 8574 8573 
4 3899 8572 8571 8570 
4 1542 8568 8567 8566 
4 2186 8565 8564 8563 
4 5941 8562 8561 8560 
4 3779 8559 8558 8557 
4 5840 8556 8555 8554 
4 4454 8553 8552 8551 
4 6010 8550 8549 8548 
4 2084 8547 8546 8545 
4 8174 8544 8543 8542 
4 8263 8541 8540 8539 
4 538 8538 8537 8536 
4 1601 8535 8534 8533 
4 4297 8532 8531 8530 
4 5777 8529 8527 8526 
4 3512 8525 8524 8523 
4 2529 8522 8521 8520 
4 582 8519 8518 8517 
4 1737 8516 8515 8514 
4 8110 8513 8512 8511 
4 334 8510 8509 8508 
4 323 8507 8506 8505 
4 4388 8504 8503 8502 
4 683 8501 8500 8499 
4 1628 8498 8497 8496 
4 733 8495 8494 8492 
4 6769 8491 8490 8489 
4 5399 8488 8486 8485 
4 2410 8484 8482 8481 
4 3228 8480 8479 8478 
4 5719 8477 8476 8475 
4 3028 8474 8473 8472 
4 3661 8471 8470 8469 
4 7654 8468 8467 8466 
4 7612 8465 8464 8463 
4 2701 8462 8461 8460 
4 5211 8459 8458 8457 
4 7926 8456 8455 8454 
4 4713 8453 8452 8451 
4 1890 8450 8449 8448 
4 3490 8447 8446 8445 
4 333 8444 8443 8442 
4 1808 8441 8440 8439 
4 8325 8438 8437 8436 
4 7354 8435 8434 8433 
4 4359 8432 8431 8430 
4 6451 8429 8428 8427 
4 317 8426 8425 8423 
4 8100 8421 8419 8418 
4 6406 8417 8415 8414 
4 6490 8413 8412 8411 
4 2002 8410 8409 8408 
4 8244 8406 8405 8404 
4 7849 8403 8402 8401 
4 4292 8400 8397 8396 
4 5251 8395 8394 8393 
4 208 8392 8391 8390 
4 5827 8389 8388 8387 
4 4861 8386 8385 8384 
4 4885 8383 8382 8381 
4 5004 8380 8379 8378 
4 1401 8377 8376 8375 
4 6302 8374 8373 8371 
4 4890 8370 8369 8368 
4 6646 8367 8366 8365 
4 7798 8364 8363 8362 
4 616 8361 8360 8358 
4 4433 8357 8356 8355 
4 1852 8354 8353 8352 
4 3158 8351 8350 8349 
4 1898 8348 8347 8346 
4 514 8345 8344 8343 
4 3569 8342 8341 8340 
4 1524 8339 8338 8337 
4 5462 8336 8335 8334 
4 8286 8333 8332 8331 
4 368 8330 8329 8328 
4 1321 8327 8326 8324 
4 6860 8323 8322 8321 
4 6601 8320 8319 8318 
4 2603 8316 8315 8314 
4 7854 8313 8312 8311 
4 3353 8310 8309 8308 
4 4944 8307 8306 8305 
4 5060 8304 8303 8301 
4 2538 8300 8299 8298 
4 8038 8297 8296 8295 
4 4602 8293 8292 8290 
4 6620 8289 8288 8287 
4 714 8285 8284 8283 
4 7778 8282 8281 8280 
4 5318 8279 8278 8277 
4 5144 8276 8275 8274 
4 1415 8273 8272 8271 
4 6550 8270 8269 8268 
4 5207 8267 8266 8264 
4 5267 8262 8261 8260 
4 2809 8259 8258 8257 
4 4192 8256 8255 8254 
4 2708 8253 8252 8251 
4 2822 8250 8249 8248 
4 7530 8247 8246 8245 
4 3729 8243 8242 8241 
4 5047 8240 8239 8238 
4 1606 8237 8236 8235 
4 602 8234 8233 8232 
4 7832 8231 8230 8229 
4 7468 8228 8227 8226 
4 4148 8224 8223 8222 
4 2606 8221 8220 8219 
4 2230 8218 8217 8216 
4 7001 8215 8214 8213 
4 6867 8212 8211 8210 
4 1113 8209 8208 8207 
4 3529 8206 8205 8204 
4 6590 8203 8202 8201 
4 5194 8200 8199 8198 
4 8101 8197 8196 8195 
4 5980 8194 8193 8192 
4 4291 8191 8190 8189 
4 390 8188 8187 8186 
4 2383 8185 8184 8183 
4 5012 8182 8181 8180 
4 5564 8179 8178 8177 
3 7399 8176 8175 
3 7317 8173 8172 
3 7625 8171 8170 
3 6791 8169 8168 
3 4370 8167 8166 
3 3753 8165 8164 
3 4758 8163 8162 
3 6214 8161 8160 
3 227 8159 8158 
3 5519 8157 8155 
3 5972 8154 8153 
3 7455 8152 8151 
3 665 8150 8149 
3 4990 8148 8147 
3 5275 8146 8145 
3 7372 8144 8143 
3 1708 8142 8141 
3 7095 8140 8138 
3 5964 8137 8136 
3 8134 8133 8132 
3 6589 8131 8130 
3 8050 8129 8128 
3 635 8127 8126 
3 5187 8125 8124 
3 1353 8123 8122 
3 1679 8121 8120 
3 6674 8119 8118 
3 6703 8117 8116 
3 7102 8115 8114 
3 4863 8113 8112 
3 153 8111 8109 
3 4470 8108 8107 
3 7591 8106 8105 
3 977 8104 8103 
3 4423 8102 8099 
3 6229 8098 8097 
3 8086 8096 8095 
3 6264 8094 8093 
3 6468 8092 8091 
3 6197 8090 8089 
3 8018 8088 8087 
3 7869 8085 8084 
3 2417 8083 8082 
3 2737 8081 8080 
3 4152 8079 8078 
3 7185 8077 8076 
3 2842 8075 8074 
3 1566 8073 8071 
3 7817 8070 8069 
3 1703 8068 8067 
3 5866 8066 8065 
3 7462 8064 8063 
3 6486 8062 8061 
3 5713 8060 8059 
3 4262 8058 8057 
3 5123 8056 8055 
3 4700 8054 8053 
3 3323 8052 8051 
3 4809 8049 8048 
3 7459 8047 8046 
3 554 8045 8044 
3 531 8043 8042 
3 1038 8041 8040 
3 2317 8039 8037 
3 1224 8036 8035 
3 5363 8034 8033 
3 7363 8032 8031 
3 321 8030 8029 
3 1190 8028 8027 
3 4339 8026 8025 
3 2721 8024 8022 
3 4516 8021 8020 
3 872 8019 8017 
3 7268 8016 8015 
3 7544 8014 8013 
3 177 8012 8011 
3 7913 8010 8009 
3 810 8008 8007 
3 4037 8006 8005 
3 3020 8004 8003 
3 2716 8002 8001 
3 392 8000 7998 
3 3604 7997 7996 
3 4921 7995 7994 
3 7775 7992 7991 
3 880 7990 7989 
3 1091 7988 7987 
3 1568 7986 7984 
3 5302 7983 7982 
3 3924 7980 7979 
3 7688 7978 7977 
3 6363 7976 7975 
3 2052 7974 7973 
3 7702 7972 7971 
3 270 7970 7969 
3 3183 7968 7967 
3 985 7966 7965 
3 838 7964 7963 
3 6218 7962 7961 
3 7058 7960 7959 
3 5181 7958 7957 
3 944 7956 7955 
3 2616 7954 7953 
3 1691 7952 7951 
3 4866 7950 7949 
3 146 7948 7947 
3 216 7946 7945 
3 5344 7944 7943 
3 1955 7942 7941 
3 4827 7940 7939 
3 3737 7938 7937 
3 3029 7936 7935 
3 4723 7934 7933 
3 318 7932 7931 
3 4487 7930 7929 
3 3517 7928 7927 
3 3090 7925 7924 
3 2235 7923 7922 
3 7329 7921 7920 
3 1733 7919 7918 
3 5759 7917 7916 
3 4671 7915 7914 
3 5450 7912 7911 
3 6978 7910 7909 
3 5985 7908 7907 
3 653 7906 7905 
3 3209 7904 7903 
3 6000 7902 7900 
3 3800 7899 7898 
3 2724 7897 7896 
3 3416 7895 7894 
3 5647 7893 7892 
3 7850 7891 7890 
3 1819 7889 7888 
3 7308 7887 7886 
3 5539 7885 7884 
3 124 7883 7882 
3 739 7881 7879 
3 6479 7878 7877 
3 3567 7875 7874 
3 6300 7873 7872 
3 4214 7871 7870 
3 7690 7868 7867 
3 4619 7866 7865 
3 3677 7864 7863 
3 2429 7862 7861 
3 4365 7860 7859 
3 6597 7858 7857 
3 2024 7856 7855 
3 3823 7853 7852 
3 1529 7851 7848 
3 2730 7847 7846 
3 7373 7845 7844 
3 6558 7843 7842 
3 7029 7841 7840 
3 5102 7839 7838 
3 6863 7837 7836 
3 2486 7835 7834 
3 726 7833 7831 
3 1503 7830 7829 
3 668 7828 7827 
3 6587 7826 7825 
3 6338 7824 7823 
3 7302 7822 7820 
3 107 7819 7818 
3 5939 7816 7815 
3 1035 7814 7813 
3 3373 7812 7811 
3 1406 7810 7809 
3 4955 7808 7807 
3 4212 7806 7805 
3 2009 7804 7803 
3 968 7802 7801 
3 140 7800 7799 
3 547 7797 7796 
3 5627 7795 7793 
3 1171 7792 7791 
3 4917 7790 7789 
3 6980 7788 7787 
3 6755 7786 7785 
3 4592 7784 7783 
3 2501 7782 7780 
3 5581 7779 7777 
3 2279 7776 7774 
3 1650 7773 7772 
3 1284 7771 7769 
3 3886 7768 7767 
3 6889 7766 7765 
3 934 7764 7763 
3 3166 7762 7761 
3 2666 7760 7759 
3 4926 7758 7757 
3 3035 7756 7755 
3 6781 7754 7753 
3 7142 7752 7751 
3 4864 7750 7749 
3 730 7748 7747 
3 391 7746 7745 
3 1695 7744 7743 
3 4920 7742 7741 
3 7622 7740 7739 
3 7695 7738 7737 
3 7093 7736 7735 
3 2097 7734 7733 
3 3637 7732 7731 
3 1364 7730 7729 
3 4767 7728 7727 
3 5453 7726 7725 
3 6694 7724 7723 
3 1868 7722 7721 
3 2299 7720 7719 
3 4975 7718 7717 
3 3572 7716 7715 
3 4044 7714 7713 
3 235 7712 7711 
3 4163 7710 7709 
3 5814 7708 7707 
3 5982 7706 7705 
3 5432 7704 7703 
3 1925 7701 7700 
3 51 7699 7698 
3 1923 7696 7694 
3 7176 7693 7692 
3 7161 7691 7689 
3 5569 7687 7686 
3 6319 7685 7684 
3 4449 7683 7682 
3 4127 7681 7679 
3 7181 7678 7677 
3 6267 7676 7674 
3 3282 7673 7672 
3 6509 7671 7670 
3 920 7669 7668 
3 3972 7667 7666 
3 743 7665 7664 
3 579 7663 7662 
3 3869 7660 7659 
3 4221 7658 7657 
3 2447 7656 7655 
3 6361 7653 7652 
3 2864 7651 7650 
3 3438 7649 7648 
3 3957 7647 7646 
3 7450 7645 7644 
3 1250 7643 7642 
3 1468 7641 7640 
3 4822 7639 7638 
3 4463 7637 7636 
3 6727 7635 7634 
3 2530 7633 7632 
3 6644 7630 7629 
3 6395 7628 7627 
3 4748 7626 7624 
3 7467 7623 7621 
3 3300 7620 7619 
3 5134 7618 7617 
3 4490 7616 7615 
3 7284 7614 7613 
3 5049 7611 7609 
3 3038 7608 7607 
3 643 7606 7605 
3 4167 7604 7603 
3 4681 7602 7601 
3 7474 7600 7599 
3 7120 7598 7597 
3 1368 7596 7595 
3 6633 7594 7593 
3 5762 7592 7590 
3 2627 7589 7588 
3 1317 7587 7585 
3 5805 7584 7583 
3 4343 7582 7581 
3 6667 7580 7579 
3 4905 7578 7577 
3 1271 7576 7575 
3 2227 7573 7572 
3 5680 7571 7570 
3 5467 7569 7567 
3 4141 7566 7565 
3 4741 7564 7563 
3 1388 7562 7561 
3 171 7560 7559 
3 1600 7558 7557 
3 5276 7556 7555 
3 5620 7554 7553 
3 609 7552 7551 
3 1957 7550 7548 
3 2459 7547 7546 
3 5947 7545 7543 
3 3052 7542 7541 
3 1151 7540 7539 
3 5808 7538 7537 
3 6415 7536 7535 
3 1363 7533 7531 
3 133 7529 7528 
3 5589 7527 7526 
3 6803 7525 7524 
3 6701 7523 7522 
3 7242 7521 7520 
3 5030 7519 7518 
3 167 7517 7516 
3 4016 7515 7514 
3 3826 7513 7512 
3 3288 7511 7510 
3 4977 7509 7508 
3 2122 7506 7505 
3 6021 7504 7503 
3 193 7502 7501 
3 4548 7500 7498 
3 6084 7497 7496 
3 1530 7494 7493 
3 4027 7492 7491 
3 3562 7490 7489 
3 96 7488 7487 
3 6147 7486 7485 
3 2193 7483 7482 
3 871 7481 7480 
3 3933 7479 7478 
3 4327 7477 7476 
3 3932 7475 7473 
3 6885 7472 7471 
3 3146 7470 7469 
3 1547 7466 7465 
3 4865 7464 7463 
3 1930 7461 7460 
3 104 7458 7457 
3 5383 7456 7453 
3 6743 7452 7451 
3 4170 7449 7448 
3 7289 7447 7446 
3 1762 7445 7444 
3 3584 7443 7442 
3 1730 7441 7440 
3 6523 7439 7438 
3 5799 7437 7436 
3 4527 7435 7434 
3 4374 7433 7432 
3 7322 7431 7430 
3 6938 7429 7428 
3 4462 7427 7426 
3 5092 7425 7423 
3 1869 7422 7421 
3 776 7420 7419 
3 5596 7418 7417 
3 6193 7416 7414 
3 4461 7413 7412 
3 3064 7411 7410 
3 3549 7409 7408 
3 5857 7405 7403 
3 6373 7402 7401 
3 7067 7400 7398 
3 6335 7397 7396 
3 2223 7395 7394 
3 1107 7393 7392 
3 1115 7391 7390 
3 2629 7389 7388 
3 6707 7387 7386 
3 2549 7385 7384 
3 5135 7383 7382 
3 1380 7381 7380 
3 2774 7379 7378 
3 5292 7377 7376 
3 3019 7375 7374 
3 2971 7371 7370 
3 1676 7369 7368 
3 1329 7367 7366 
3 3799 7364 7362 
3 5213 7361 7359 
3 5059 7358 7356 
3 1516 7355 7353 
3 2641 7352 7351 
3 5797 7350 7349 
3 7182 7348 7347 
3 762 7346 7345 
3 5232 7344 7343 
3 3757 7342 7341 
3 7062 7340 7339 
3 2652 7338 7337 
3 2294 7336 7335 
3 860 7334 7333 
3 1275 7332 7331 
3 3365 7330 7328 
3 5951 7327 7326 
3 5689 7325 7324 
3 6020 7323 7321 
3 3213 7320 7319 
3 1298 7318 7316 
3 1223 7315 7314 
3 6904 7313 7312 
3 3967 7311 7310 
3 1313 7309 7307 
3 6157 7306 7305 
3 3301 7304 7303 
3 3320 7301 7299 
3 6173 7298 7297 
3 7019 7296 7295 
3 68 7294 7293 
3 2951 7292 7291 
3 3547 7290 7288 
3 4712 7287 7286 
3 1252 7285 7283 
3 5364 7282 7281 
3 5489 7280 7279 
3 3796 7278 7277 
3 6873 7276 7275 
3 5636 7274 7273 
3 2566 7272 7271 
3 4928 7270 7269 
3 4324 7267 7266 
3 1797 7265 7264 
3 957 7263 7262 
3 5648 7261 7260 
3 2845 7259 7258 
3 4054 7257 7256 
3 6746 7255 7254 
3 3252 7253 7252 
3 5193 7251 7250 
3 2477 7249 7248 
3 2445 7247 7246 
3 2825 7245 7244 
3 5377 7243 7241 
3 4918 7240 7239 
3 2474 7238 7237 
3 6902 7236 7235 
3 4281 7234 7233 
3 2994 7232 7231 
3 3105 7229 7228 
3 431 7227 7226 
3 4439 7225 7224 
3 996 7223 7222 
3 4746 7221 7220 
3 6626 7219 7218 
3 4587 7217 7216 
3 4639 7215 7214 
3 1292 7213 7212 
3 1886 7211 7210 
3 989 7208 7207 
3 2812 7206 7205 
3 5769 7204 7203 
3 2757 7202 7201 
3 6206 7200 7199 
3 6921 7198 7197 
3 917 7196 7195 
3 4844 7194 7193 
3 6154 7192 7191 
3 6353 7190 7189 
3 4871 7188 7187 
3 4923 7186 7184 
3 6292 7183 7180 
3 5356 7179 7178 
3 2123 7177 7175 
3 4237 7174 7173 
3 4808 7172 7171 
3 4605 7170 7169 
3 1197 7168 7167 
3 2392 7166 7165 
3 4648 7164 7163 
3 3134 7162 7160 
3 6690 7159 7158 
3 974 7157 7156 
3 998 7155 7154 
3 5585 7152 7151 
3 3392 7150 7149 
3 4364 7148 7147 
3 572 7146 7145 
3 5681 7144 7143 
3 6246 7141 7140 
3 5472 7139 7138 
3 6244 7137 7136 
3 5105 7135 7133 
3 6545 7132 7131 
3 92 7130 7129 
3 5637 7128 7127 
3 6402 7126 7125 
3 2017 7124 7123 
3 748 7122 7121 
3 6094 7119 7118 
3 101 7117 7116 
3 1698 7115 7114 
3 2895 7113 7111 
3 5987 7110 7109 
3 5041 7108 7107 
3 841 7106 7105 
3 2560 7104 7101 
3 6983 7100 7099 
3 26 7098 7097 
3 3917 7096 7094 
3 594 7092 7091 
3 4204 7090 7089 
3 3732 7088 7087 
3 1469 7086 7085 
3 4697 7084 7083 
3 5572 7082 7081 
3 5923 7080 7079 
3 4910 7078 7077 
3 2321 7076 7075 
3 3150 7074 7073 
3 3576 7072 7071 
3 4496 7070 7068 
3 3494 7066 7065 
3 518 7064 7063 
3 2001 7061 7060 
3 3592 7059 7057 
3 1620 7055 7054 
3 6377 7053 7052 
3 3407 7051 7050 
3 5668 7049 7048 
3 3868 7047 7046 
3 1591 7045 7043 
3 1991 7042 7041 
3 973 7040 7039 
3 3595 7038 7037 
3 5455 7036 7035 
3 1407 7034 7033 
3 6789 7032 7031 
3 430 7030 7028 
3 5957 7027 7026 
3 1044 7025 7024 
3 6454 7023 7022 
3 5419 7021 7020 
3 4898 7018 7017 
3 1814 7016 7015 
3 3912 7014 7013 
3 2965 7012 7010 
3 2490 7009 7008 
3 2504 7007 7006 
3 3027 7005 7004 
3 400 7003 7002 
3 4175 7000 6999 
3 3238 6998 6997 
3 5461 6996 6994 
3 2640 6993 6992 
3 1258 6991 6990 
3 5542 6989 6988 
3 744 6987 6986 
3 3204 6985 6984 
3 4495 6982 6981 
3 1556 6979 6977 
3 3825 6976 6975 
2 6689 6973 
2 3051 6972 
2 1971 6971 
2 2036 6970 
2 995 6969 
2 6623 6968 
2 4460 6966 
2 720 6965 
2 6881 6964 
2 1763 6963 
2 4210 6962 
2 6412 6961 
2 6822 6960 
2 4366 6959 
2 4 6958 
2 4600 6957 
2 2296 6956 
2 295 6955 
2 2251 6953 
2 4533 6952 
2 6925 6951 
2 262 6949 
2 5884 6948 
2 2674 6947 
2 6632 6945 
2 947 6944 
2 1065 6943 
2 65 6942 
2 1838 6941 
2 6829 6940 
2 3486 6939 
2 2053 6937 
2 212 6935 
2 6610 6934 
2 2590 6933 
2 4267 6932 
2 6226 6931 
2 949 6930 
2 598 6929 
2 1159 6928 
2 4095 6927 
2 4650 6926 
2 4285 6924 
2 1397 6923 
2 563 6922 
2 4826 6920 
2 6793 6919 
2 1517 6918 
2 707 6917 
2 2120 6915 
2 2406 6914 
2 1072 6913 
2 3142 6912 
2 5952 6911 
2 4850 6910 
2 1269 6909 
2 1863 6908 
2 5796 6907 
2 3184 6906 
2 1613 6905 
2 5370 6903 
2 2464 6900 
2 4684 6899 
2 2804 6898 
2 4637 6896 
2 855 6895 
2 2446 6894 
2 3684 6891 
2 371 6890 
2 3586 6888 
2 3196 6887 
2 111 6886 
2 6598 6884 
2 3099 6883 
2 3415 6882 
2 2594 6880 
2 4612 6879 
2 298 6878 
2 1738 6877 
2 713 6876 
2 634 6875 
2 4956 6874 
2 5806 6872 
2 324 6871 
2 3060 6870 
2 6747 6869 
2 3144 6868 
2 6115 6866 
2 1274 6865 
2 4823 6864 
2 6329 6862 
2 4525 6861 
2 5882 6859 
2 2348 6858 
2 3507 6857 
2 4951 6856 
2 4647 6855 
2 2113 6854 
2 2470 6853 
2 2258 6852 
2 2300 6851 
2 4137 6850 
2 4738 6849 
2 6619 6847 
2 6578 6846 
2 6518 6845 
2 4467 6844 
2 654 6843 
2 3419 6842 
2 1966 6841 
2 2849 6840 
2 2286 6839 
2 604 6838 
2 940 6837 
2 4511 6836 
2 1616 6835 
2 2104 6834 
2 1379 6833 
2 3197 6832 
2 2685 6831 
2 3132 6830 
2 2783 6828 
2 6785 6827 
2 788 6826 
2 4854 6825 
2 1296 6824 
2 6475 6823 
2 3450 6821 
2 2353 6820 
2 4428 6818 
2 701 6817 
2 4385 6816 
2 2385 6815 
2 3280 6814 
2 3724 6813 
2 925 6812 
2 5390 6811 
2 3491 6810 
2 3794 6809 
2 5752 6808 
2 875 6807 
2 5067 6806 
2 2361 6805 
2 155 6804 
2 3107 6802 
2 6004 6801 
2 4589 6800 
2 5891 6799 
2 2754 6798 
2 2944 6797 
2 740 6796 
2 3773 6795 
2 136 6794 
2 3624 6792 
2 3696 6790 
2 4112 6788 
2 1582 6787 
2 2157 6786 
2 3575 6784 
2 5932 6783 
2 3953 6780 
2 5355 6779 
2 1334 6778 
2 3706 6777 
2 6090 6776 
2 5839 6775 
2 1604 6774 
2 12 6773 
2 4425 6772 
2 9 6771 
2 4937 6770 
2 3771 6768 
2 4228 6767 
2 175 6766 
2 5652 6765 
2 56 6764 
2 1891 6763 
2 27 6762 
2 393 6761 
2 6390 6760 
2 3551 6759 
2 2307 6758 
2 311 6757 
2 1420 6756 
2 2642 6754 
2 1673 6753 
2 5628 6752 
2 3664 6751 
2 3253 6750 
2 595 6749 
2 4209 6748 
2 1256 6745 
2 1487 6744 
2 328 6742 
2 564 6741 
2 5388 6739 
2 5266 6738 
2 2401 6737 
2 4252 6736 
2 6225 6735 
2 1648 6733 
2 297 6732 
2 4416 6731 
2 5130 6730 
2 28 6728 
2 3863 6726 
2 1815 6725 
2 89 6724 
2 5169 6723 
2 1798 6722 
2 2027 6721 
2 4615 6720 
2 4481 6719 
2 1348 6718 
2 2888 6717 
2 1083 6716 
2 534 6715 
2 6015 6714 
2 4445 6712 
2 6568 6711 
2 1208 6710 
2 622 6709 
2 4073 6708 
2 6655 6706 
2 3786 6705 
2 2779 6704 
2 465 6702 
2 1170 6700 
2 3479 6699 
2 3682 6698 
2 1749 6697 
2 2921 6695 
2 979 6693 
2 629 6692 
2 560 6691 
2 4719 6688 
2 4107 6687 
2 4311 6686 
2 5739 6684 
2 2647 6683 
2 1419 6682 
2 3103 6681 
2 3472 6680 
2 2698 6679 
2 2743 6678 
2 6614 6677 
2 4466 6676 
2 1398 6675 
2 3145 6673 
2 3260 6672 
2 6012 6671 
2 1488 6670 
2 1849 6669 
2 1127 6668 
2 183 6666 
2 794 6665 
2 3626 6664 
2 4271 6663 
2 3777 6661 
2 6504 6660 
2 1365 6659 
2 6323 6658 
2 1920 6657 
2 1953 6654 
2 5497 6653 
2 112 6652 
2 3046 6651 
2 5802 6650 
2 6202 6649 
2 4915 6648 
2 5137 6647 
2 3316 6645 
2 5035 6643 
2 6044 6642 
2 3593 6641 
2 4072 6640 
2 3430 6639 
2 6414 6638 
2 3776 6637 
2 1950 6636 
2 5052 6635 
2 1433 6634 
2 3469 6631 
2 1118 6630 
2 6547 6629 
2 1102 6628 
2 4397 6627 
2 5865 6625 
2 1218 6624 
2 1222 6622 
2 2177 6621 
2 2656 6618 
2 826 6617 
2 5626 6616 
2 6087 6615 
2 4386 6613 
2 4518 6612 
2 3434 6611 
2 5062 6609 
2 2212 6608 
2 3509 6607 
2 4066 6606 
2 2547 6605 
2 3988 6604 
2 3157 6603 
2 2918 6602 
2 103 6600 
2 2114 6599 
2 2917 6596 
2 4225 6595 
2 2316 6594 
2 2704 6593 
2 1873 6592 
2 6467 6591 
2 2683 6588 
2 250 6586 
2 4770 6584 
2 4922 6583 
2 5782 6582 
2 5136 6581 
2 1484 6580 
2 900 6579 
2 6498 6577 
2 5201 6576 
2 4532 6575 
2 4362 6574 
2 6183 6572 
2 5427 6571 
2 5163 6570 
2 6376 6569 
2 1058 6567 
2 4997 6566 
2 4947 6565 
2 3329 6563 
2 4894 6562 
2 3942 6561 
2 6047 6560 
2 5175 6559 
2 78 6557 
2 6306 6556 
2 6511 6555 
2 1764 6554 
2 5617 6553 
2 2028 6552 
2 3409 6551 
2 628 6549 
2 426 6548 
2 5524 6546 
2 4013 6544 
2 1785 6543 
2 5696 6542 
2 360 6541 
2 20 6540 
2 4523 6539 
2 5121 6538 
2 2852 6537 
2 4094 6536 
2 1351 6535 
2 3498 6534 
2 3047 6533 
2 859 6532 
2 3596 6531 
2 5515 6530 
2 4278 6529 
2 182 6528 
2 1186 6527 
2 2619 6526 
2 1689 6525 
2 2819 6524 
2 1758 6522 
2 3707 6521 
2 532 6520 
2 423 6519 
2 3305 6517 
2 2694 6516 
2 6421 6515 
2 4008 6514 
2 4486 6513 
2 4807 6512 
2 211 6510 
2 4246 6508 
2 3347 6507 
2 5087 6506 
2 6356 6505 
2 162 6503 
2 4243 6502 
2 437 6501 
2 1089 6499 
2 1929 6497 
2 586 6495 
2 3925 6494 
2 99 6493 
2 1126 6492 
2 4219 6489 
2 2068 6488 
2 435 6487 
2 1332 6485 
2 1995 6484 
2 1475 6483 
2 3262 6482 
2 3523 6481 
2 6305 6480 
2 2129 6478 
2 1717 6477 
2 1805 6476 
2 5259 6474 
2 2995 6473 
2 4545 6472 
2 3979 6471 
2 2453 6470 
2 4544 6469 
2 4674 6466 
2 4878 6465 
2 2962 6464 
2 5772 6463 
2 350 6462 
2 2134 6461 
2 4199 6460 
2 5550 6459 
2 4561 6458 
2 3356 6457 
2 4875 6455 
2 1618 6453 
2 3618 6452 
2 3418 6450 
2 1449 6449 
2 1599 6448 
2 198 6447 
2 2176 6446 
2 6164 6445 
2 1337 6444 
2 6176 6443 
2 3993 6442 
2 1458 6441 
2 2336 6440 
2 2388 6439 
2 2979 6438 
2 1080 6437 
2 5527 6436 
2 1203 6435 
2 5850 6434 
2 5862 6433 
2 2155 6432 
2 3860 6431 
2 4654 6430 
2 2377 6429 
2 6134 6428 
2 3230 6427 
2 1045 6426 
2 2528 6425 
2 1649 6424 
2 4554 6423 
2 5888 6422 
2 3761 6419 
2 6095 6418 
2 3772 6417 
2 2877 6416 
2 5100 6413 
2 2000 6411 
2 2498 6410 
2 4058 6409 
2 4253 6408 
2 1430 6407 
2 1747 6405 
2 3205 6404 
2 954 6403 
2 2463 6401 
2 2953 6400 
2 2290 6399 
2 4293 6398 
2 3725 6397 
2 3298 6396 
2 4597 6394 
2 3325 6393 
2 4169 6391 
2 6364 6389 
2 1626 6388 
2 3909 6387 
2 1101 6386 
2 3731 6385 
2 2974 6384 
2 2922 6383 
2 269 6382 
2 2288 6381 
2 4381 6380 
2 1233 6379 
2 4110 6378 
2 3114 6375 
2 6247 6374 
2 2397 6372 
2 5142 6371 
2 5820 6370 
2 603 6369 
2 2695 6368 
2 3937 6367 
2 4029 6366 
2 293 6365 
2 6062 6362 
2 717 6360 
2 1565 6359 
2 2682 6358 
2 2800 6357 
2 3474 6355 
2 2195 6354 
