168
2 130 131
2 133 134
2 135 137
2 140 142
2 143 145
2 146 150
2 157 161
2 167 168
2 169 171
2 173 176
2 178 179
2 183 184
2 191 194
2 202 205
2 206 209
2 211 215
2 216 220
2 222 223
2 224 227
2 228 229
2 232 238
2 239 241
2 243 246
2 248 250
2 253 255
2 257 260
2 262 265
2 270 272
2 275 281
2 287 290
2 291 293
2 296 297
2 303 305
2 308 309
2 312 313
2 314 316
2 317 318
2 321 323
2 327 331
2 335 338
2 340 342
2 343 344
2 346 349
2 354 355
2 357 366
2 368 370
2 374 380
2 381 382
2 383 386
2 389 393
2 398 402
2 404 406
2 408 413
2 415 416
2 417 418
2 428 435
2 440 456
2 458 464
2 466 469
2 471 476
2 478 479
2 481 483
2 487 488
2 491 493
3 132 136 138
3 144 148 151
3 195 198 200
3 217 226 233
3 237 244 245
3 254 259 267
3 289 295 304
3 307 325 332
3 339 341 347
3 372 373 377
3 378 379 390
3 425 432 446
3 40 41 44
3 56 59 66
3 69 70 76
3 80 81 2
3 112 114 4
3 128 129 9
3 152 153 30
3 160 164 37
3 185 186 42
3 204 207 43
3 247 251 49
3 269 274 51
3 280 282 53
3 284 285 57
3 359 361 58
3 363 365 62
3 395 401 411
3 450 453 63
3 460 461 67
3 468 490 68
3 494 78 79
3 172 174 39
3 426 74 75
3 436 77 82
3 457 83 84
3 465 85 87
3 470 88 94
3 477 96 98
3 480 102 103
3 485 110 118
3 489 122 125
3 496 126 127
4 28 35 93 97
4 190 196 197 252
4 286 333 369 420
4 423 441 12 33
4 300 326 482 1
4 47 165 14 21
4 256 279 299 306
4 315 322 330 421
4 454 7 17 86
4 154 189 212 334
4 352 358 414 492
4 11 64 72 73
4 120 141 156 158
4 170 182 213 266
4 301 319 337 410
4 443 462 484 495
4 48 52 108 111
4 113 155 166 210
4 261 264 298 310
4 371 376 434 448
4 451 452 463 475
4 221 234 329 350
4 486 0 38 5
4 15 19 20 34
4 60 61 147 175
4 181 187 193 199
4 231 236 240 249
4 258 271 273 277
4 288 292 311 320
4 324 356 360 367
4 385 387 396 405
4 409 419 430 433
4 439 445 455 473
4 498 499 208 219
4 3 6 8 10
4 13 18 23 24
4 31 55 65 71
4 89 90 91 99
4 105 117 121 123
4 159 162 163 177
4 180 188 192 201
4 203 214 218 225
4 230 235 242 263
4 268 276 278 283
4 294 302 328 336
4 345 348 351 353
4 388 391 392 394
4 407 412 422 424
4 427 429 431 437
4 438 442 444 447
4 449 459 467 472
4 139 149 362 364
4 375 384 397 399
4 400 403 474 497
4 16 22 25 26
4 27 29 32 36
4 45 46 50 54
4 92 95 100 101
4 104 106 107 109
4 115 116 119 124
