1537
2 5151 6214
2 480 6006
2 2309 6002
2 2879 6001
2 3691 5999
2 4126 5996
2 5056 5995
2 5875 5992
2 6149 5990
2 7152 5988
2 3375 6486
2 3791 6795
2 1010 5981
2 2127 5979
2 2555 5978
2 2848 5976
2 6680 5974
2 9135 5975
2 283 6768
2 642 5987
2 1015 5967
2 1825 5963
2 2590 5961
2 2836 5960
2 3029 5957
2 3276 5955
2 3932 5953
2 6102 5952
2 6623 5949
2 6721 5947
2 7318 5946
2 8247 5943
2 9490 5942
2 9719 5940
2 2125 5936
2 2811 5934
2 3608 5933
2 5879 5929
2 6215 5926
2 6645 5925
2 7278 5923
2 8653 5921
2 2456 8574
2 4990 6080
2 178 5917
2 289 5914
2 597 5912
2 900 5911
2 1735 5908
2 1847 5907
2 1866 1876
2 2872 5903
2 3973 5900
2 4555 5898
2 6036 5897
2 9471 5894
2 28 5893
2 206 5890
2 1620 5888
2 1943 5887
2 2516 5884
2 3239 5883
2 3480 5880
2 3692 5877
2 4650 5876
2 4859 5874
2 5487 5871
2 5513 5870
2 6256 5868
2 931 5866
2 1159 5863
2 1464 5861
2 1856 5859
2 4671 5856
2 5824 5855
2 7375 5852
2 2649 6086
2 590 5851
2 1056 5847
2 1311 5846
2 1393 5843
2 2226 5841
2 4170 5840
2 5815 5837
2 6350 5836
2 6685 5833
2 8134 5831
2 9499 5830
2 2697 5825
2 3527 3808
2 3891 5821
2 4522 5819
2 9276 5816
2 1632 5827
2 2686 8481
2 6129 8416
2 834 5811
2 1129 5810
2 1205 5807
2 2999 5805
2 3092 5804
2 3132 5801
2 4496 5799
2 4792 5797
2 5058 5795
2 5061 5794
2 5559 5792
2 6152 5789
2 7764 5787
2 628 6004
2 2538 5857
2 124 5784
2 151 5781
2 1260 5778
2 1877 5776
2 1994 5775
2 2732 4054
2 6206 5771
2 6443 5768
2 6984 5767
2 8468 5764
2 53 5761
2 1874 5757
2 3895 5755
2 4933 5753
2 5094 5752
2 6053 5750
2 8342 5748
2 9238 5746
2 9407 5743
2 520 6431
2 6058 6775
2 7778 6139
2 142 5738
2 236 5737
2 1562 5732
2 1642 5731
2 1888 2190
2 2705 5726
2 3573 5725
2 4725 5723
2 4997 5721
2 7542 5718
2 9241 5715
2 2548 9127
2 2091 5712
2 2428 5711
2 3980 5708
2 4611 5706
2 4814 5703
2 4857 5701
2 6306 5700
2 7512 5698
2 656 5937
2 4055 5707
2 5548 6271
2 9092 6200
2 1704 5692
2 1884 5688
2 4442 5687
2 5371 5682
2 5418 5680
2 7210 7070
2 253 5677
2 2490 5675
2 3297 5673
2 4091 5670
2 4592 5669
2 4692 5668
2 4774 5663
2 5710 5662
2 7361 5658
2 7993 5656
2 8907 5664
2 9530 9602
2 9864 5648
2 307 5780
2 4636 5667
2 4661 5684
2 9597 6138
2 540 5645
2 1445 5640
2 2020 5638
2 2241 5637
2 4703 5647
2 4875 5632
2 5644 5628
2 7659 5624
2 7204 5971
2 9761 5650
2 648 5619
2 1282 5623
2 1837 5614
2 2854 5612
2 3558 5611
2 3912 5608
2 3924 5607
2 4363 5603
2 4381 5601
2 4716 5599
2 5044 5597
2 5235 5595
2 5517 5594
2 6557 5591
2 1122 6190
2 6157 5927
2 7238 6267
2 7610 5679
2 2887 5582
2 3654 5580
2 3802 5578
2 3839 5576
2 3945 5575
2 4187 5572
2 4926 5569
2 6326 5566
2 7662 5562
2 8123 5560
2 9523 5558
2 898 5557
2 1023 5555
2 2400 5551
2 2461 5549
2 3531 3553
2 4656 5546
2 4771 5543
2 4904 5541
2 5020 5539
2 5671 5537
2 6365 5535
2 6733 5533
2 7003 5532
2 7074 5530
2 8423 5528
2 4865 5704
2 534 5525
2 1598 5523
2 2806 5520
2 3498 5519
2 3567 5516
2 4064 5514
2 4089 5512
2 4410 5510
2 5916 5509
2 6976 5505
2 6651 5659
2 7734 5716
2 1406 5499
2 1467 5497
2 2006 5495
2 2081 5493
2 2457 5491
2 4773 5524
2 5389 5485
2 5474 5484
2 6289 5481
2 6673 5479
2 735 5618
2 1723 5478
2 2320 5472
2 4412 5470
2 5355 5467
2 6436 5465
2 7356 5464
2 7432 5461
2 8597 5459
2 9368 5458
2 9453 5455
2 3104 6116
2 3828 5930
2 4989 5629
2 5205 5468
2 147 5452
2 404 5450
2 960 5444
2 1471 5442
2 2783 5439
2 3906 5436
2 5336 5433
2 6076 5431
2 6988 5430
2 1595 5552
2 3760 5438
2 33 5425
2 489 5423
2 622 5421
2 689 5420
2 1422 5417
2 1584 5415
2 4495 5412
2 8019 5411
2 8537 5762
2 146 5408
2 1609 5404
2 3718 5401
2 4375 5399
2 4478 5398
2 4720 5396
2 5457 5392
2 5489 5390
2 6490 5388
2 6514 5386
2 7821 5445
2 1117 6503
2 5197 6515
2 6155 5626
2 9161 6103
2 2381 5376
2 2462 5373
2 3704 5370
2 4011 5369
2 4639 5367
2 4766 5364
2 5086 5362
2 5633 5360
2 7426 5358
2 7534 5356
2 7785 5353
2 7818 5352
2 7943 5349
2 9043 5346
2 8639 8914
2 1021 5342
2 2398 5340
2 2401 5339
2 2874 5337
2 3582 5333
2 3617 5331
2 4452 5329
2 5869 5328
2 7530 5326
2 8150 5323
2 8898 5321
2 9361 5318
2 3145 5372
2 6380 5507
2 396 5314
2 2260 5320
2 3595 5309
2 3914 5305
2 6016 5303
2 7592 5300
2 9703 5298
2 1589 6067
2 3422 5490
2 4066 5605
2 4559 5506
2 7090 5564
2 7175 5301
2 1512 5289
2 1922 5288
2 1930 5285
2 2129 5283
2 3153 5282
2 3299 5280
2 3352 5277
2 3559 5275
2 3983 5274
2 4026 5272
2 4953 5307
2 5901 5266
2 7917 5264
2 8299 5263
2 8954 5261
2 2389 5374
2 4361 6422
2 4506 5571
2 4879 5434
2 5332 7169
2 39 5256
2 198 635
2 835 5248
2 1952 5247
2 3371 5245
2 5085 5241
2 5255 5240
2 5380 5238
2 5865 5920
2 8679 5234
2 9222 5232
2 1508 6906
2 5035 5567
2 1886 5225
2 2191 5223
2 3985 5220
2 4202 5218
2 4467 5216
2 4823 5215
2 4907 5213
2 5522 5210
2 5832 5208
2 6834 5206
2 7116 5204
2 8712 5201
2 8746 5199
2 9429 5198
2 32 5195
2 359 5194
2 512 5192
2 804 5189
2 947 5188
2 3075 5186
2 3188 5184
2 3339 5182
2 5531 5180
2 5556 5177
2 5724 5176
2 6649 5173
2 7596 5171
2 7956 5169
2 8238 5167
2 9802 5230
2 2565 7035
2 3244 5334
2 711 5159
2 1507 5158
2 1822 2134
2 3129 5154
2 3136 5152
2 3564 5150
2 4124 5147
2 4704 5145
2 7689 5142
2 9091 5141
2 9606 5137
2 9828 5135
2 45 5133
2 149 5132
2 678 5130
2 1347 5127
2 1761 5126
2 2277 5124
2 2924 5122
3 7026 7587 7586
3 9283 7585 7605
3 6359 7769 7581
3 463 7580 7578
3 9942 7574 7573
3 2994 7570 3002
3 5622 7568 7566
3 1359 7564 7563
3 3083 7562 7560
3 4151 7559 7557
3 4965 7556 7554
3 8346 7550 7582
3 1812 8619 7547
3 2036 7947 7546
3 7700 7576 7544
3 3593 8048 8041
3 780 7541 7539
3 1996 7536 7535
3 2572 7533 7532
3 2941 7531 4516
3 6582 7528 7526
3 6638 7524 7523
3 7050 7521 7520
3 1509 7763 7519
3 8387 8402 7517
3 4390 7942 7941
3 7196 8385 8427
3 1357 7513 7511
3 1817 7510 7508
3 3229 7506 7505
3 7212 7502 7501
3 2619 7500 7498
3 6329 7497 7495
3 8253 7493 7492
3 9252 7491 7489
3 3155 8226 7487
3 745 7485 7484
3 2364 7481 7480
3 522 7476 7475
3 1336 7473 7472
3 2571 7468 7467
3 3485 7465 4137
3 4951 7462 7461
3 5962 7459 7458
3 9732 7575 7455
3 7032 8363 8362
3 103 7452 717
3 3356 9112 4582
3 6363 7441 7440
3 8839 7438 7437
3 9779 7434 7433
3 5096 7790 7431
3 251 7429 7428
3 565 7427 7425
3 709 7423 7422
3 1861 7420 7419
3 2112 7417 7416
3 4351 7414 7413
3 6477 7410 6602
3 8477 7408 7406
3 9751 7405 7403
3 67 7402 7400
3 2647 7398 7397
3 6426 7394 7393
3 6313 7503 7392
3 2351 7390 7388
3 5891 7387 5909
3 8811 7383 7382
3 9374 7720 7380
3 3443 7377 7376
3 6994 7374 7373
3 7119 7372 7370
3 8199 9365 7367
3 7008 7702 7701
3 6 7366 7363
3 257 7362 7360
3 645 7358 7357
3 1340 7355 7354
3 4259 7350 7349
3 5793 7348 7346
3 7629 7345 7343
3 7083 8428 7341
3 214 7337 7336
3 1976 7335 7333
3 5492 2536 7331
3 8614 7327 8751
3 2819 9353 7325
3 9778 7478 7477
3 332 7321 7319
3 1510 1202 7317
3 1787 7315 2095
3 4884 7310 7309
3 6415 7307 7306
3 7330 7304 7303
3 9325 7301 7300
3 9585 7299 7297
3 1344 7295 7294
3 3496 7289 7288
3 4134 7287 7285
3 4357 7281 7280
3 4477 7279 7277
3 8947 7276 7274
3 9546 7272 7271
3 1085 7482 7269
3 6567 8092 7268
3 60 7265 7264
3 3062 7263 7261
3 3214 7260 7258
3 3308 7256 7255
3 5239 7254 7252
3 5593 7251 7249
3 3089 7353 7351
3 188 7246 7245
3 1001 7244 7242
3 1820 7240 7239
3 2957 7237 7236
3 4557 7234 7233
3 4867 7232 7230
3 5544 7228 7227
3 8163 7224 7223
3 8923 7222 7220
3 6316 7442 7219
3 750 7217 7215
3 877 7214 1717
3 5149 7211 5330
3 6914 7207 7206
3 8835 7225 9511
3 9974 9930 7199
3 2162 7378 7197
3 1740 7195 7193
3 1975 7191 7190
3 5236 7187 7186
3 5244 7185 7183
3 5733 7180 7179
3 6956 7177 7176
3 683 9412 7174
3 4711 7171 7170
3 5991 7167 6297
3 6342 7164 7163
3 7057 7161 7160
3 7391 7158 7157
3 1505 7173 7156
3 171 7339 7338
3 321 7154 7151
3 1351 7150 1564
3 2776 1800 7146
3 4977 7142 7141
3 7613 7139 7138
3 6060 7609 7323
3 296 7137 7134
3 1364 7131 7130
3 1883 7128 7127
3 2575 7126 7124
3 3730 7122 7121
3 7677 7120 7118
3 3750 7117 7115
3 4696 7112 7111
3 6188 7109 7415
3 8431 7105 1249
3 1965 7102 2245
3 3120 7099 7098
3 4572 7097 7095
3 5529 7093 7092
3 5758 7091 7089
3 5970 7087 7086
3 7344 7153 7084
3 7447 8405 8404
3 791 7080 7078
3 1522 7076 7075
3 1747 7073 7072
3 8915 7069 7068
3 9419 7066 7065
3 2509 7063 7062
3 3579 7061 7059
3 4161 7058 7056
3 5028 7052 7051
3 5131 7049 7048
3 5808 7046 7045
3 8168 7042 7041
3 9550 7038 7037
3 1742 8513 8512
3 3473 7033 5488
3 7972 6738 7027
3 4717 7053 7025
3 767 7020 7019
3 1061 7017 7016
3 1714 7015 7013
3 2043 7012 7010
3 2265 7009 7007
3 2573 7006 7004
3 3655 7002 7001
3 5074 6999 6998
3 6616 6042 7113
3 4727 7144 6990
3 5728 6997 6995
3 301 6986 902
3 1673 6983 6982
3 6273 6979 6978
3 6419 6977 6975
3 6627 6974 6972
3 7250 6970 6969
3 8866 6968 6966
3 7699 7044 6964
3 264 6962 6961
3 631 6959 6958
3 1200 1523 6955
3 3830 6952 6951
3 3845 6949 6948
3 6144 6945 6944
3 8548 6943 6941
3 403 8054 6940
3 593 7572 6937
3 385 6933 6932
3 773 6931 6929
3 797 6928 6926
3 1178 6924 6923
3 1636 6921 6920
3 1889 6918 6917
3 3834 3223 6916
3 4870 6912 6911
3 4284 7750 6907
3 8529 7205 7203
3 2089 6903 6902
3 2809 6900 6899
3 5155 6895 6894
3 5553 6893 6891
3 6226 6889 6888
3 6309 6886 6885
3 6410 6883 9572
3 9797 6881 6879
3 2055 6876 6875
3 4367 6871 6870
3 6336 6866 6865
3 8659 6862 6861
3 1476 6860 6858
3 1810 6857 6855
3 3905 6854 6852
3 4600 6850 6849
3 5864 6846 6845
3 6192 6843 7155
3 7436 6840 7567
3 8183 6838 6836
3 924 7133 6835
3 8063 8910 6832
3 4960 6869 6867
3 730 6829 6828
3 1948 6826 6825
3 2612 6824 6822
3 3557 6820 6819
3 3673 6817 6816
3 4649 6815 6813
3 5610 6812 6810
3 278 6808 6807
3 1228 6806 6804
3 2486 6801 6800
3 3271 6798 6797
3 3870 6794 6793
3 4079 6791 6790
3 4524 6789 6787
3 875 6784 6783
3 4043 6781 6780
3 4861 4200 6779
3 6769 6774 6773
3 5835 7028 6771
3 7439 7107 6770
3 2353 6766 6765
3 3001 6764 5308
3 8707 6747 6758
3 9843 6755 6754
3 818 8843 6753
3 1998 6802 6750
3 8449 7039 6749
3 1429 6745 6744
3 1912 6743 6741
3 3857 6739 3944
3 3 6746 6734
3 85 6731 6730
3 1483 6729 6727
3 2912 6725 6724
3 6010 5170 6722
3 6662 6720 6718
3 9078 6715 6714
3 2905 7379 6712
3 432 6710 6709
3 1140 6707 6706
3 2000 6704 6703
3 3367 6701 6700
3 3997 6699 6697
3 7443 6694 6693
3 9507 6691 6690
3 2985 7754 6688
3 5375 6847 6687
3 7302 6717 6684
3 263 6683 6681
3 836 6679 6678
3 884 6676 6675
3 915 6674 6672
3 1040 6670 6669
3 1587 6667 1853
3 3278 6665 6663
3 4179 6661 6660
3 4532 6657 6656
3 4706 6654 6653
3 6578 6652 6650
3 1720 6648 6647
3 3028 6644 6643
3 4469 6642 4607
3 5203 5207 6637
3 6012 6635 6634
3 6146 6633 6631
3 6483 6629 6628
3 7103 6625 6624
3 8683 6622 6621
3 197 6934 6619
3 6989 7589 6618
3 513 6615 6614
3 995 6612 3022
3 3728 6609 6608
3 3885 6606 6605
3 5803 6603 5849
3 6110 6601 6599
3 8670 6596 6595
3 3306 6896 6592
3 5518 7182 6591
3 1094 8520 8225
3 4293 7284 7282
3 634 6585 1224
3 1378 6583 6581
3 1821 6579 2585
3 3508 6576 6575
3 6757 6573 6572
3 7617 6570 6569
3 8964 6568 6566
3 6981 6626 6564
3 1037 6562 6561
3 1253 6559 2877
3 3518 6556 6555
3 4617 4565 6877
3 4883 6548 6370
3 7296 6546 6544
3 8722 6543 6541
3 1096 7538 6539
3 6377 6863 6538
3 1073 6536 1681
3 1708 6532 6531
3 3037 6530 6528
3 3561 6527 6525
3 3877 3736 6523
3 4307 6521 6519
3 5174 6518 6516
3 6444 6513 6512
3 6498 6511 6509
3 407 6878 6507
3 7412 6696 6505
3 1542 6501 6500
3 1684 6499 6497
3 1923 6496 6494
3 2939 6493 6491
3 3362 6488 6487
3 4786 6484 4871
3 5785 6482 6480
3 7759 6479 8692
3 9464 6474 6473
3 3889 8074 6472
3 4352 7411 6468
3 7209 7456 6466
3 8233 7933 6465
3 4135 8800 6469
3 7920 5919 7552
3 137 6461 559
3 1116 6458 6456
3 1152 6455 6453
3 1154 6452 6450
3 1484 6449 6447
3 2627 6445 2937
3 4038 6442 6441
3 4439 6439 6438
3 5902 6437 6435
3 820 9824 6432
3 1571 6429 6428
3 2488 6427 6425
3 7870 6421 6420
3 464 6588 6417
3 2952 6954 6416
3 3632 7650 6413
3 6198 6759 6412
3 4292 6407 6406
3 4521 6405 6403
3 5278 6401 6400
3 6296 6397 6396
3 6367 6394 6393
3 8956 6392 6390
3 3892 6424 6388
3 3853 2798 6385
3 5823 4975 6383
3 3248 6489 6379
3 6384 6786 6378
3 7981 7328 6732
3 916 6376 6373
3 1261 6372 1833
3 3107 3055 6369
3 3544 6366 6364
3 5341 6362 6361
3 5839 6358 6357
3 6231 6355 6354
3 7178 6353 6351
3 2927 6646 6348
3 3978 6872 6346
3 17 6345 6343
3 56 6341 6340
3 172 6338 6337
3 174 6335 6334
3 970 6333 6331
3 1361 6330 6328
3 2600 6324 6323
3 4946 4668 6322
3 5705 6318 6317
3 5941 6315 6314
3 6220 6577 6311
3 6965 6310 6308
3 7463 6307 6305
3 6028 6760 6302
3 6320 6597 6301
3 2185 1726 6299
3 5378 6295 6294
3 5441 6292 6291
3 5998 6290 6288
3 2592 6386 6285
3 9443 7435 6284
3 529 6281 6280
3 760 6278 6277
3 2368 6274 5503
3 6389 6270 6269
3 8328 6418 6464
3 9769 6349 6264
3 10 6262 6261
3 145 6260 6258
3 3050 6257 3769
3 4604 6254 5250
3 297 6249 6248
3 451 6247 6245
3 688 6244 6242
3 738 6241 6239
3 1234 6235 6234
3 1430 6233 1570
3 1765 6230 6228
3 2106 6227 6225
3 3516 6224 6222
3 3969 6219 6218
3 4731 4663 6217
3 5446 6212 6211
3 5563 6209 6208
3 6856 6207 6205
3 8931 6202 6201
3 1526 6502 6250
3 2862 8030 8029
3 525 6193 923
3 1601 6189 2716
3 3134 6186 6185
3 5271 6183 6182
3 5649 6181 6179
3 6752 6177 8714
3 208 6195 6194
3 4106 9408 9061
3 556 6172 912
3 1197 6169 1487
3 1827 6167 6165
3 2165 6164 6162
3 2766 6161 6159
3 5118 6158 6156
3 5325 6154 6153
3 5579 6151 6150
3 6266 6148 6526
3 6540 6145 7218
3 7624 6143 6141
3 1621 8207 6137
3 2566 6325 6135
3 6938 6287 6133
3 7740 6204 6131
3 139 6130 6128
3 164 6126 6125
3 1963 6122 6121
3 2407 6120 6118
3 3540 6115 6114
3 4093 6113 6111
3 7149 6109 6108
3 9121 6106 6105
3 5547 6360 6140
3 7945 9116 6100
3 117 6099 6097
3 2007 6096 6094
3 2221 6092 6091
3 2295 6089 6088
3 3258 6085 6084
3 4491 6083 6081
3 7518 6078 6077
3 7558 6075 6074
3 8673 6072 6071
3 9397 6991 6070
3 2484 6065 6064
3 4230 6062 6061
3 5007 6059 5013
3 5017 6056 6055
3 5948 6054 6052
3 9962 7082 6051
3 211 6048 6047
3 2804 6045 6044
3 3674 6043 6041
3 4627 6039 5574
3 5627 6037 6035
3 5899 6033 6032
3 6451 6030 6029
3 7499 6027 6026
3 7839 6025 6023
3 8824 6021 6020
3 9246 6019 6017
3 9390 6015 6014
3 926 6124 6013
3 2323 8050 6011
4 8148 9996 9995 9994
4 5357 9999 9998 9992
4 6404 9991 9989 9988
4 421 9987 9985 9984
4 5913 9981 9980 9979
4 5583 9977 9976 9975
4 2589 9983 9972 9971
4 9906 9970 9968 9967
4 8785 9966 9964 9963
4 3629 9961 9960 9959
4 6255 9973 9958 9956
4 5121 9997 9952 9951
4 3987 9946 9945 9944
4 7710 9949 9943 9941
4 5231 9938 9937 9936
4 2094 9934 9933 9932
4 4386 9931 9929 9928
4 7529 9939 9922 9921
4 2584 9917 9916 9915
4 8754 9913 9912 9911
4 998 9908 9907 2395
4 9487 9924 9909 9904
4 6655 9902 9901 9900
4 2861 9897 9896 9895
4 6312 9893 9892 9891
4 59 9889 9888 9887
4 7923 9886 9884 9883
4 7569 9881 9880 9879
4 5515 9876 9875 9874
4 9612 9872 9871 9870
4 6632 9869 9867 9866
4 7444 9865 9863 9862
4 8873 9861 9859 9858
4 5796 9926 9925 9857
4 7262 9854 9853 9852
4 8452 9849 9848 9847
4 6735 9923 9898 9845
4 1737 9948 9947 9844
4 7796 9840 9839 9838
4 5905 9837 9835 9834
4 398 9832 9831 9830
4 8407 9829 9827 9826
4 1729 9823 9822 9821
4 604 9819 9818 9817
4 6459 9815 9814 9813
4 9004 9811 9810 9809
4 1248 9806 9805 9804
4 4848 9800 9799 9798
4 6584 9955 9953 9796
4 5886 9794 9793 9792
4 8733 9789 9788 9787
4 7549 9803 9786 9784
4 9354 8437 9781 9780
4 9529 9777 9776 9775
4 6839 9774 9772 9771
4 9213 9770 9768 9767
4 1524 9766 9764 9763
4 4449 9762 9760 9759
4 5744 9755 9754 9753
4 9483 9752 9750 9749
4 4100 9748 9746 9745
4 6823 9743 9742 9741
4 8197 9919 9740 9738
4 3904 9736 9735 9734
4 4233 9733 9731 9730
4 3626 9729 9727 9726
4 8479 9723 9722 9721
4 8603 9790 9720 9718
4 5416 9717 9715 9714
4 9620 9712 9711 9710
4 4574 9756 9707 9706
4 2489 9841 9808 9704
4 2545 9702 9701 9700
4 6476 9698 9697 9696
4 9383 9694 9693 9692
4 4004 9691 9689 9688
4 3697 9687 9685 9684
4 9131 9681 9680 9679
4 5427 9677 9676 9675
4 7704 9878 9671 9670
4 370 9668 9667 9666
4 2061 9663 9662 9661
4 847 9660 9658 9657
4 3015 9655 9654 9653
4 2155 9652 9650 9649
4 4644 9648 9646 9645
4 4863 9643 9642 9641
4 7792 9638 9637 9636
4 8189 9782 9634 9633
4 6668 9632 9630 9629
4 4631 9626 9625 9624
4 2222 9622 9621 1492
4 9618 9619 9617 9616
4 2752 9615 9613 5363
4 7168 9610 9609 9608
4 2687 9605 9604 9603
4 2843 9601 9600 9599
4 44 9596 9595 9594
4 3135 9627 9593 9591
4 453 9589 9588 9587
4 2117 9586 9584 9583
4 1561 9580 9579 9578
4 7100 9577 9575 9574
4 461 9573 9571 9570
4 8775 9566 9565 9564
4 9765 9562 9561 9560
4 1423 9558 9557 9556
4 3295 9554 9553 9552
4 4036 9551 9549 9548
4 2932 9547 9545 9544
4 8287 9543 9541 9540
4 1385 9538 9537 9536
4 6640 9535 9533 9532
4 8854 8004 9531 9528
4 3273 9526 9525 9524
4 1287 9708 9607 9522
4 5616 9520 9519 9518
4 2345 9514 9513 9512
4 2096 9510 9509 9508
4 5918 9506 9505 9504
4 1396 9683 9503 9501
4 6639 9500 9498 9497
4 3420 9493 9492 9491
4 1556 9489 9488 5090
4 7936 9485 9484 9940
4 4041 9674 9672 9481
4 2331 9478 9477 9476
4 2935 9474 9473 9472
4 4695 9470 9469 9468
4 3825 2598 5251 9467
4 6762 9463 9461 9460
4 1677 9458 9457 9456
4 6756 9451 9450 9449
4 5001 9447 9446 9445
4 5592 9444 9442 9441
4 5570 9598 9439 9438
4 8384 9437 9435 9434
4 8689 9432 9431 9430
4 1388 9427 9426 9425
4 6196 9424 9422 9421
4 5989 9416 9415 9414
4 948 9411 9410 9409
4 6613 9406 9405 9404
4 5526 9401 9400 9399
4 8911 9398 9396 9395
4 8320 9393 9392 9391
4 973 9665 9389 9388
4 4194 9387 9385 9384
4 4473 9382 9381 9380
4 5211 9377 9376 9375
4 3149 9372 9371 9370
4 5052 9369 9367 9366
4 7369 9364 9363 9362
4 8585 9360 9359 9358
4 936 9357 9355 2459
4 8777 9350 9349 9348
4 132 9347 9345 9344
4 2968 9343 9341 9340
4 4670 9339 9337 9336
4 2246 9333 9332 9331
4 3484 9330 9328 9327
4 7577 9326 9324 9323
4 962 9322 9320 9319
4 8240 9314 9313 9312
4 8814 9310 9309 9308
4 2723 9305 9304 9303
4 9128 9373 9299 9298
4 7368 9297 9295 9294
4 752 9292 9291 9290
4 9256 9286 9285 9284
4 7819 9334 9306 9282
4 3457 9281 9279 9278
4 8991 9277 9275 9274
4 110 9273 9271 9270
4 3176 9267 9266 9265
4 7208 9264 9262 9261
4 7290 9259 9258 9257
4 7950 9255 9254 9253
4 666 9480 9251 9250
4 4147 9452 9249 371
4 2196 9245 9244 9243
4 2728 9242 9240 9239
4 7101 9237 9236 9235
4 8392 9268 9233 9232
4 8636 9229 9228 9227
4 281 9226 9224 9223
4 2212 9221 9220 9219
4 4808 9217 9216 9215
4 8641 9214 9212 9211
4 9247 9640 9209 9208
4 5791 9207 9205 9204
4 7515 9351 9202 9201
4 63 9199 9198 9197
4 2499 9195 9194 9193
4 8837 9288 9190 9189
4 5602 9188 9186 9185
4 714 9182 9181 9180
4 2475 9178 9177 9176
4 3656 9174 9173 9172
4 1101 9168 9167 9166
4 2064 9164 9163 9162
4 9019 9160 9159 9158
4 4916 9156 9155 9154
4 5651 9153 9151 9150
4 9894 9148 9147 9146
4 1013 9144 9143 9142
4 7834 9139 9138 9137
4 839 9136 9134 9133
4 6240 9191 9130 9129
4 3765 9124 9123 9122
4 5048 9120 9119 9118
4 684 9231 9115 9114
4 3678 9141 9113 9111
4 7198 9108 9107 9106
4 4405 9104 9103 9102
4 4961 9101 9099 9098
4 9614 9184 9097 9095
4 1115 1071 1004 9093
4 5945 9090 9088 9087
4 9965 9085 9084 9083
4 4685 9082 9080 9079
4 7937 9077 9076 9075
4 1233 9074 9072 9071
4 2124 9069 9068 9067
4 3302 9066 9064 9063
4 4579 9060 9059 9058
4 3942 9402 9056 9055
4 6170 9109 9053 9052
4 3272 9051 9049 9048
4 3795 9046 9045 9044
4 8152 9042 9041 9040
4 9986 9039 9037 9036
4 7064 9801 9034 9033
4 7525 9420 9032 9030
4 5042 9029 9027 9026
4 4318 9758 9025 9023
4 384 9021 9020 2141
4 3647 9018 9016 9015
4 6677 9013 9012 9011
4 7104 9010 9008 9007
4 1734 9005 2008 9003
4 2070 9001 9000 8999
4 7927 8998 8996 8995
4 5101 8992 6782 8990
4 5773 854 7135 8989
4 6495 8984 8983 8982
4 4090 9170 8980 8979
4 1707 8978 8976 8975
4 8058 4430 8972 8971
4 336 8969 8967 8966
4 1164 8965 8963 8962
4 1214 8961 8959 8958
4 7863 9316 9315 8957
4 2080 8955 8953 8952
4 4957 8951 8949 8948
4 5046 8946 8945 8944
4 7540 8941 8940 8939
4 3715 9515 8937 8936
4 443 8935 8933 8932
4 2558 8930 8929 8928
4 2922 8926 8925 8924
4 5214 8919 8918 8917
4 1341 8913 8912 7896
4 4788 8922 8921 8908
4 3499 8906 8905 8904
4 5653 8902 8901 8900
4 7825 8899 8897 8896
4 49 8894 8893 8892
4 976 8891 8889 8888
4 1146 8883 8882 8881
4 1830 8880 8878 8877
4 4886 8875 8874 4964
4 9307 8870 8869 8868
4 3463 8867 8865 8864
4 4509 8862 8861 8860
4 6176 8858 8857 8856
4 7313 8855 8853 8852
4 9568 8850 8849 8848
4 7961 8884 8847 8845
4 82 8842 8841 8840
4 4983 8838 6381 8871
4 3792 8836 8834 8833
4 5295 8831 8830 8829
4 6107 8827 8826 8825
4 8612 8823 8822 8821
4 3047 8820 8818 8817
4 5772 8816 7595 8813
4 7757 8812 8810 8809
4 3607 8807 8806 8805
4 3940 8804 8802 8801
4 5982 8797 8796 8795
4 4874 8798 8794 8792
4 2727 8790 8789 8788
4 2228 3096 8787 8784
4 5713 8781 8780 8779
4 2115 8974 8778 8776
4 8338 8774 8773 8772
4 2964 8770 8769 8768
4 3896 8766 8765 8764
4 6252 8762 8761 8760
4 636 8758 8757 8756
4 1353 8755 8753 8752
4 3228 8750 8749 8748
4 3566 8747 8745 8744
4 1210 8743 8741 8740
4 3309 8738 8737 8736
4 4322 8735 7136 8732
4 8485 8730 8729 8728
4 8608 8726 8725 8724
4 5310 8721 8720 8719
4 7108 9725 8716 8715
4 3505 9569 9567 8713
4 1851 8711 8710 8709
4 3293 8708 8706 8705
4 6168 8702 8701 8700
4 7543 8699 8697 8696
4 7201 8943 8695 8693
4 4406 8690 4925 8688
4 6550 8687 8685 8684
4 7516 8682 8681 8680
4 9433 8677 8676 8675
4 876 9317 8672 8671
4 4240 8704 8669 8668
4 1756 9918 9850 8666
4 6935 8663 8662 8661
4 7551 8660 8658 8657
4 7202 8885 8656 8654
4 1671 8652 8651 8650
4 864 9418 9417 8647
4 1955 8646 8644 8643
4 5625 8642 8640 9455
4 1203 8664 8637 8638
4 4917 8920 8633 8632
4 7939 9301 9300 8629
4 9795 8626 8625 8624
4 5083 9378 9287 8622
4 4185 8618 8617 8616
4 9527 8615 8613 8623
4 7 8621 8610 8609
4 2274 8782 8607 8606
4 8116 8605 3437 8602
4 4141 8600 8599 8598
4 5383 8596 8595 8594
4 47 8592 4131 8590
4 1988 8674 8634 8586
4 594 8584 8583 8582
4 1322 8580 8579 8578
4 3114 8573 8572 8571
4 7326 8569 8568 8567
4 8851 8564 8563 8562
4 4167 8560 8559 8558
4 2259 8557 8555 8554
4 4235 8552 8551 8550
4 4637 8549 8547 8546
4 1491 9132 8543 8542
4 9 8540 8539 8538
4 3042 8536 8535 8534
4 3142 8532 8531 8530
4 7145 8627 8528 8527
4 1114 1081 9454 8526
4 766 8523 8522 8521
4 1713 8518 8517 8516
4 4655 8511 8510 8509
4 5006 8508 8506 8505
4 5652 8504 8502 8501
4 1934 8499 8498 8497
4 7583 8494 8493 8492
4 9690 8489 8488 8487
4 532 8486 8484 8483
4 5873 8480 2962 8478
4 4074 8476 8475 8474
4 4561 8473 8471 8470
4 7715 8466 8515 8464
4 3024 9126 9125 8462
4 3844 8460 8459 8458
4 9263 8803 4657 8457
4 727 8453 8451 8450
4 2481 8448 8447 8446
4 8553 8443 8442 8441
4 723 8439 8438 1050
4 1895 8436 8434 8433
4 4847 8432 8430 8429
4 887 8723 8426 8425
4 4112 8424 8422 8421
4 4475 8419 8418 8417
4 2759 8413 8412 8411
4 3357 8410 8408 4102
4 62 8401 8400 8399
4 2982 8398 8396 8395
4 4374 8394 7088 8391
4 2293 8390 8388 2736
4 5494 8469 8467 8383
4 1946 8381 8380 8379
4 8332 8376 8375 8374
4 7259 9169 8373 8371
4 3196 8368 8367 8366
4 7308 8361 8360 8359
4 7648 8358 8356 8355
4 213 8364 8354 8352
4 4320 8349 8348 8347
4 8010 8345 8344 8343
4 9196 8341 8340 8339
4 859 8350 8337 8336
4 3519 8378 8335 8333
4 1591 8331 8330 8329
4 2045 8327 8326 8325
4 5163 8324 6547 8321
4 3072 8445 8319 8318
4 7359 8544 8317 8315
4 8322 8678 8313 8312
4 1418 8311 8309 8308
4 1724 8307 8305 8304
4 2726 8302 8301 8300
4 4076 8298 8297 8296
4 5777 8295 8293 8292
4 6882 8290 8289 8288
4 2060 8286 8285 2342
4 3337 8283 8281 8280
4 5904 8277 8276 8275
4 6611 8274 8272 8271
4 7725 8270 8268 8267
4 8767 8264 8263 8262
4 850 8261 8259 8258
4 1568 8257 8255 8254
4 2652 8252 8251 3689
4 7579 8587 6178 8249
4 992 8245 8244 8243
4 2340 8241 4402 8239
4 5172 8237 8236 8235
4 4940 8649 8234 8232
4 2544 8230 8229 8228
4 1433 8224 8223 8222
4 4490 8221 8219 8218
4 4912 8215 8214 8213
4 4995 8211 8210 8209
4 2642 8206 8205 8204
4 3170 8203 8201 8200
4 3672 8198 6558 8196
4 9747 8194 586 8192
4 2749 2085 8191 8188
4 3648 8187 8185 8184
4 6957 8414 8181 8180
4 120 8178 8177 8176
4 201 8175 8173 8172
4 5729 3757 8171 8169
4 9576 8166 8165 8164
4 3542 8162 8161 8160
4 3781 8158 8157 8156
4 5686 8154 8153 6038
4 6534 8151 8149 6913
4 7494 8145 8144 8143
4 7851 8142 8140 8139
4 8601 8137 8136 8135
4 3686 8496 8133 8132
4 2828 8130 8129 8128
4 3257 8126 8125 8124
4 4139 8122 8121 8120
4 7643 8118 8117 8216
4 3775 8182 8114 8113
4 6702 8887 8111 8110
4 8193 8266 8109 8107
4 6571 8106 8104 8103
4 774 8100 8099 8098
4 5931 8095 8094 8093
4 7148 8090 8089 8088
4 8138 8087 8085 8084
4 8397 8082 8081 8080
4 2628 8078 8077 8076
4 5156 8073 8072 8071
4 7814 8067 8066 8065
4 7451 8146 8064 8062
4 8119 9428 8060 8059
4 8465 8565 8057 8056
4 1763 8053 8052 8051
4 9542 8045 8044 8043
4 7305 8718 8630 8040
4 328 8039 8037 8036
4 676 8034 8033 8032
4 2870 8028 8027 8026
4 4244 8023 8022 8021
4 6134 8020 8018 8017
4 9302 8016 8014 8013
4 4638 8217 8012 8025
4 5219 8589 8008 8007
4 3112 2795 8005 8003
4 3376 8001 8000 7999
4 4058 7996 7995 7994
4 6537 7992 7991 7990
4 7862 7988 7987 7986
4 18 7985 7983 7982
4 2300 7980 7979 7978
4 2308 7976 7975 7974
4 8997 7973 7971 7970
4 58 7967 7966 7965
4 4959 7963 7962 6467
4 6927 7960 7958 7957
4 7079 7955 7954 7953
4 9559 7952 1383 7949
4 2213 7946 2814 7944
4 5081 7940 4044 7938
4 5366 7316 7935 7934
4 8242 7931 7930 7929
4 8284 9581 7928 7926
4 3451 7925 3708 7922
4 3840 7921 7919 7918
4 3869 7916 7915 7914
4 4150 8024 7911 7910
4 7231 8514 7907 7906
4 9713 7968 7904 7903
4 1711 7901 7900 7899
4 5609 7897 6147 7895
4 6171 7893 7892 7891
4 7166 7890 7888 7887
4 7445 7885 7884 7883
4 7703 7882 7880 7879
4 446 7878 7876 7875
4 778 7874 7872 7871
4 2123 7869 7868 7867
4 3842 7865 7864 5845
4 7673 7861 7860 7859
4 8250 8403 7858 7856
4 1160 7854 7853 7852
4 2305 7850 7849 7848
4 8079 7846 7845 7844
4 9873 7843 7841 7840
4 1049 7837 7836 7835
4 1839 7833 7832 7831
4 1936 7829 7828 7827
4 2160 7826 7824 7823
4 2267 7822 7820 7997
4 11 7838 7817 7816
4 3526 7815 7813 7812
4 245 5540 3583 7810
4 654 7806 7805 7804
4 1136 7802 7801 7800
4 2243 7798 7797 2313
4 3126 7794 7793 4837
4 8101 7789 7788 7787
4 333 7786 7784 7783
4 1552 7781 7780 7779
4 2023 7777 7776 7775
4 6123 7772 7771 7770
4 8167 7767 7766 7765
4 3913 7762 7761 7760
4 5359 7758 7267 7756
4 3950 7753 7752 7751
4 5136 7748 7747 7746
4 5324 7745 7743 7742
4 7726 7741 7739 7738
4 3475 7998 7737 7735
4 687 7733 7732 7731
4 2944 7730 7728 7727
4 4551 5854 7724 7723
4 373 7719 7718 7717
4 2282 7716 7714 7713
4 2920 7711 4902 7709
4 6580 7706 7705 6777
4 706 954 8369 7811
4 1767 7698 7696 7695
4 2535 7693 7692 7691
4 3106 7690 7688 7687
4 3745 7685 7684 7683
4 4498 7681 7680 7679
4 5209 7678 7676 7675
4 6842 7674 7672 7671
4 7522 7670 7668 7667
4 4619 8279 7665 7664
4 1231 7663 7661 7660
4 1845 7658 7657 7656
4 3618 7655 7653 7652
4 3899 7649 6481 7647
4 7466 7645 7644 9289
4 65 7640 7639 7638
4 1427 7637 7635 7634
4 2674 7632 7631 7630
4 2817 7628 7627 7626
4 3253 7625 7623 7622
4 8115 7912 7621 7619
4 2203 7618 7616 7615
4 5665 7614 7612 7611
4 9856 7608 7607 7606
4 177 7604 7603 7602
4 2718 7601 7599 7598
4 5600 4690 7597 7594
4 6985 7593 7591 7590
