20 167 108 296 249 159 260 225 285 129 156 284 254 146 236 66 288 37 189 211 151
26 168 110 72 7 24 13 74 198 281 14 157 253 117 114 283 118 291 20 292 223 215 228 194 49 274 130
23 34 275 8 85 162 95 218 18 200 245 224 241 243 197 23 101 83 12 176 251 233 178 52
25 54 80 294 290 60 79 166 188 39 40 185 121 195 89 90 93 119 16 266 142 30 186 135 208 175
22 180 286 62 276 105 125 21 32 214 268 298 140 76 131 139 78 43 126 69 9 84 169
21 216 212 299 210 203 193 144 187 267 57 53 213 222 64 82 50 271 5 10 182 100
17 99 92 171 44 113 277 28 244 282 191 177 6 25 45 248 250 265
25 116 0 246 220 58 107 19 226 91 29 102 202 158 207 22 73 42 235 124 289 280 17 297 279 46
22 184 164 134 148 137 150 273 63 232 230 128 122 68 11 138 255 264 152 231 270 293 257
15 87 103 161 263 261 96 172 174 239 295 27 190 35 115 67
15 41 88 4 75 86 111 201 238 31 55 112 120 272 278 173
13 259 136 227 56 38 217 204 209 61 269 181 51 242
10 133 258 163 237 147 70 287 145 141 256
11 127 15 26 3 170 199 98 106 206 94 149
12 109 160 48 81 219 205 104 262 123 153 132 183
4 192 196 47 143
7 59 155 154 97 1 247 2
6 252 71 229 240 77 165
0 
0 
0 
0 
0 
0 
0 
0 
0 
0 
0 
0 
0 
0 
0 
0 
0 
0 
0 
0 
0 
0 
0 
0 
0 
0 
0 
0 
0 
0 
0 
0 
0 
0 
0 
0 
0 
0 
0 
0 
0 
0 
0 
0 
0 
0 
0 
0 
0 
0 
0 
0 
0 
0 
0 
0 
0 
0 
0 
0 
0 
0 
0 
0 
0 
0 
0 
0 
0 
0 
0 
0 
0 
0 
0 
0 
0 
0 
0 
0 
0 
0 
