55 8671 3729 5670 6755 3248 6119 5961 6264 5429 4495 9040 534 8011 1413 8363 3183 3838 6057 6158 4060 7554 4087 1583 5684 8233 732 4969 9033 2308 3949 2586 8362 8218 3173 3355 5123 5748 6841 2504 3453 9897 2303 473 8258 9537 5451 7277 4805 9712 6039 812 9183 5658 5901 4690
61 370 1379 5186 9435 4372 3099 5986 7771 9855 2048 9128 2492 3050 975 1381 9175 261 1312 6371 101 3273 2198 2969 1375 2979 9032 2104 9203 7656 1284 6797 2191 3001 1918 3956 5585 4063 8551 5114 6135 2705 4286 1626 9973 8215 3246 2951 6055 8424 5109 4895 2616 7096 5360 6876 1262 4621 7040 561 4869 1826
73 9615 4622 7902 9189 6630 3164 565 8079 175 2213 1026 5399 2128 5880 7270 7224 2664 4928 2470 5470 5599 4539 6993 2861 9493 3159 4771 3748 2934 8273 9837 9370 4855 7569 493 7576 3755 2029 9008 8578 9467 5574 3500 8265 3527 7922 1134 3242 9786 2483 7307 1966 1325 495 6538 5952 789 5881 171 4968 8282 6424 8050 9961 6573 5453 7485 9602 1406 1145 8318 3308 9166
69 7329 5071 9835 3778 6470 1533 6071 5034 7258 2980 390 7534 227 8075 993 7083 2854 8419 5773 6144 3469 9204 5337 2841 9041 1944 5444 4713 1798 8804 2978 3677 5970 4070 3702 8247 3382 2813 8602 6515 2822 7225 1948 2315 3335 2557 2260 8187 6936 4474 5094 7994 9358 9476 5668 6001 6733 9641 4086 5706 5477 5550 4832 1733 2184 382 3438 2704 7253
53 6896 572 9099 6074 5850 4130 9829 4818 3787 1610 7813 8375 4981 1105 5193 1091 7319 3726 6186 3556 6761 6066 5442 8288 9957 4889 6228 1077 8934 3261 2133 1073 6108 5256 3094 2011 4276 524 5609 2690 731 6496 7600 8696 6277 2958 2652 275 6545 6787 6181 9788 7126
56 1247 5440 5798 7830 9004 9068 9155 346 423 5840 4017 3190 6751 1591 5246 906 9000 418 6143 3060 165 6295 583 4242 4502 6378 9969 2150 1441 5244 3224 9741 2891 4007 3131 1635 4118 2039 9698 8507 7355 1738 2649 9550 9291 53 2788 1612 6141 8719 314 5428 3760 7847 2394 3465
66 2836 852 696 7135 232 1461 7715 2175 933 8817 8505 1147 2895 7973 7896 8251 8196 128 861 2554 3196 3871 3573 2923 3407 7732 8941 9845 2035 3415 6037 5407 3758 8550 6675 3488 4770 937 1883 2077 9770 6587 7178 138 7261 5069 6801 15 9538 5493 2140 7356 9849 9557 5802 1015 587 4600 5240 9936 4802 1929 1930 1297 6338 1669
60 9199 1248 9502 8107 3793 4162 8100 8234 2405 4656 6530 926 6260 9542 1541 6498 3727 8324 5426 9996 5300 1048 7844 7051 7706 1695 5346 8526 4398 4135 3083 6102 3434 4505 7266 5265 3765 194 8529 130 1829 2688 2777 9526 2535 2019 2343 5106 6595 7906 5087 6749 1225 881 3403 9541 2694 1270 5552 1388
57 8521 8552 9689 9607 2650 7278 6492 630 6719 2578 4370 7747 9223 9386 790 5598 1114 9466 7780 1916 7297 2760 5443 437 3509 6473 635 8830 8805 1775 6790 8383 5583 6899 7452 7055 9453 7679 7778 4635 3386 8343 6046 6080 2556 8003 6454 8620 5329 4948 9097 2659 5893 9620 6051 503 2396
74 3545 7725 1954 6121 470 8624 6813 7762 6385 2911 7899 8386 819 8224 5135 6727 5091 7078 5886 4931 6244 5483 199 3908 8094 838 4698 9983 3132 7236 5820 5298 1412 8498 6846 8270 8054 9472 2409 5293 6777 5534 7530 8847 6403 2613 793 2390 759 7566 9054 1897 1547 900 3511 9637 4873 9207 6961 3930 5158 5581 5362 3520 4259 956 6785 159 5519 5006 848 7968 3969 7398
78 4733 4194 5207 539 8254 6985 7411 9663 9954 2116 7694 7165 9724 6789 990 6830 1809 4577 6200 741 4009 4966 5175 8049 1731 2710 1021 3873 1326 1019 7366 879 4058 1177 2086 2896 1661 1565 8780 4721 2180 6663 9441 3234 384 8806 1525 2656 3980 9349 5259 5377 5152 73 8119 5582 1808 762 187 5172 4662 8679 3101 7180 3508 626 7894 3280 649 375 5854 2513 2860 7098 5604 2661 8723 3989
89 6644 3404 8271 9380 3214 706 3887 9174 6123 2906 4986 2604 5288 7379 4253 9799 1511 9828 936 6453 132 6607 8840 8146 9299 3146 3715 4825 1463 8769 5990 6557 6977 6657 829 4116 5934 6112 8310 9938 1385 8125 553 3627 4774 1194 7863 1783 3229 4421 7900 2401 4557 7736 1353 6906 638 1365 7918 5900 6253 4459 262 9471 7412 7709 6026 5416 3204 6391 3704 6268 780 6547 2220 5141 1585 8241 7400 1908 4100 1499 5262 3813 3967 3824 8328 7072 2211
69 7479 5502 4476 9948 2013 134 1982 399 9269 2686 6398 2824 8266 4287 2919 3490 5628 2750 3812 7210 5026 5737 5960 2003 1156 8988 1219 4479 7963 7481 269 1279 1006 7007 2084 1743 7105 6286 5216 6285 5655 897 1043 6566 3298 3602 1468 65 3647 6199 1811 5688 8228 3582 2527 2552 397 2528 5930 7512 9592 7956 6017 7201 5783 2897 4096 2759 9037
73 5003 2386 6436 5941 1249 89 3141 6485 5445 787 1631 4714 6093 7100 7251 9887 4871 2443 4209 891 9600 4548 9631 8176 2453 8972 581 545 5632 9194 6013 3253 9337 2998 3251 8028 8886 7553 3611 2720 5064 4289 7157 8545 9873 8249 6218 6650 1927 9474 9601 2498 4380 8781 2607 2442 4152 8013 8140 840 2806 7589 920 7781 8391 5340 5898 1691 6661 7923 111 9185 4500
67 85 2499 4229 4426 9987 1227 863 280 3366 8716 6883 7911 8423 303 5333 4509 243 8844 3797 4396 9106 9381 760 8802 1140 2241 6551 7129 4782 4766 6321 434 4906 3852 5321 2178 7509 7331 3632 1366 3904 8570 8370 6968 3616 9095 1101 526 7796 8456 6467 2028 6202 4861 7966 1278 3924 2067 2526 3653 3654 1164 5145 568 3784 3227 5717
82 631 5650 940 7756 9967 2280 4514 9374 4668 8463 6720 8579 2007 3688 1972 3232 7947 699 9777 368 5839 1347 5600 7933 2030 8101 9646 1664 4273 9345 6571 3134 9359 4352 1512 8027 7139 1846 2884 5824 1914 2342 5182 1644 1860 3096 2135 3189 7215 8092 7375 8756 2848 4020 4395 8142 770 1477 9892 2102 5712 6313 6929 4556 2497 2792 5669 1761 6011 5427 9981 5894 2524 2713 6855 9943 1667 3976 4177 7012 9444 7403
72 1360 7068 7383 3451 1629 8814 3794 1392 8429 2456 8106 740 6142 6048 7000 8909 8584 9519 7624 7583 299 5403 4181 977 798 5643 3003 1515 4573 5418 2933 824 516 8955 8012 895 9511 1676 6099 4342 1466 4853 4828 1209 8317 7752 2525 544 2770 4937 5275 7339 7885 6469 2172 2374 1689 1527 6159 9815 5713 9260 4139 573 6361 6063 5264 7289 6287 3193 4223 8356
77 4821 9132 9518 7431 9681 8925 6390 2741 467 6393 4381 4375 3021 5837 9759 6077 9134 8130 9924 4995 2643 4681 9066 8944 3842 1705 4419 7340 4190 7109 3961 2001 2546 6175 9626 5163 9073 7371 291 9794 6509 9647 8676 8913 1403 1074 203 2944 64 1889 9804 7826 6429 5896 6831 2835 8601 6399 118 5266 7726 5341 1332 1481 756 3816 8177 7002 5635 9462 9695 1185 7497 3712 4420 9728 6636
74 1010 4424 4376 9366 1460 6109 6379 3830 5685 996 5835 3210 3917 945 3435 7943 5499 2959 4972 41 426 338 992 3082 4638 2083 6210 1851 2544 6858 1981 2206 3297 1063 2678 8828 234 1354 5046 8161 3188 6882 6465 7786 2367 371 6521 8158 6844 4746 9942 6482 4879 3207 4311 2595 6955 2956 9925 8437 8368 4236 4701 6129 4998 769 9893 2628 749 5159 4735 1767 3157 9259
84 8404 6893 2516 6064 6124 3041 9768 8564 246 4842 1304 70 419 7926 5104 597 1478 1632 4581 2542 2014 5728 8688 1044 5543 9628 7695 6339 3968 5363 6528 8323 5475 7721 6235 4536 2192 2327 2049 6439 1719 1464 1867 680 951 6696 856 1941 2506 9734 7063 655 3106 5371 9700 5476 4281 9045 513 3507 5458 4506 9934 2793 4475 6204 7699 4954 5673 9492 7320 7518 4071 5446 8562 7436 0 4064 6345 4599 2734 1557 2094 7740
75 5472 1117 2215 6167 2106 8767 5799 8787 8687 300 4307 8102 7235 4362 5968 2082 6861 3875 6214 854 7020 8559 4533 5847 393 7213 4964 2803 8132 4041 7212 2904 4227 7009 3342 873 2776 6922 681 6817 9108 3886 778 3959 7195 2162 7960 7262 6138 4440 6920 3093 8445 4261 6510 1835 1451 5509 5735 250 2986 4955 3798 1524 5234 1086 8919 137 4148 157 7876 6568 1302 7627 5907
74 7389 3339 7254 9288 155 67 1886 2431 2088 8425 4198 5455 8697 8681 2478 6583 8077 9123 4094 2761 5933 2970 9107 5741 5365 4856 3254 888 8882 4719 4169 2568 600 3926 179 3631 6525 3525 4445 7500 2392 2587 8960 892 5759 592 8144 6934 7003 2121 9581 4664 2167 5048 5236 559 8465 7382 5178 9027 4112 4572 8432 1295 403 2873 9276 6489 4550 6599 6041 7935 6875 7644
70 336 2307 96 8590 2336 4326 87 7283 8922 6035 8599 6569 595 4075 2550 9011 3031 376 2199 8575 2416 3440 3064 49 5438 435 8616 6629 694 7181 4883 1377 4996 7909 8135 764 3792 2957 1065 8015 3006 8339 6909 6664 5665 1070 2380 9330 9329 7037 5287 9428 918 2875 6343 2758 5038 617 3768 7741 9642 3658 844 7996 5533 2637 3406 901 6825 2212
83 5439 4930 2421 9547 7203 2070 8366 1953 8121 8798 8331 7677 7158 8911 7539 9803 9448 1081 9301 3985 6775 5335 667 3898 16 5305 7133 276 297 6877 6959 7059 7162 9195 6559 6104 8415 794 9747 8263 4197 4576 4397 6716 8378 1475 9590 2515 2830 3008 1459 7233 7985 1978 2943 8979 8350 8117 942 4710 7019 106 5105 46 8524 9029 2101 7032 1845 2994 3413 1343 1504 2463 4888 5822 3650 76 6555 9394 5021 5623 5938
78 574 2176 7499 4298 8900 4585 4943 1245 5607 1372 3714 2417 4200 8803 9582 1741 980 9050 2058 9886 2561 5409 4568 6060 8999 6092 4042 6297 7220 7308 7305 8201 9997 7737 6974 9852 912 7817 5810 4640 3396 3429 7172 2863 7333 6281 4192 9890 1877 4956 3128 925 9922 3474 6164 7614 117 471 176 488 2711 4138 1118 889 5680 5436 9053 8089 6068 4601 8170 806 7151 820 9567 3597 3984 8345
69 1523 5633 2925 5148 7066 9407 1183 4731 1823 7154 3226 4271 7148 1170 9218 7093 3276 206 5754 9005 7675 7538 3346 702 7784 5620 2477 2985 2089 8832 6090 9508 8544 828 4704 4891 9805 4547 9083 1038 2164 5215 3379 8785 3262 4126 2942 8269 9673 8954 7091 4318 1111 4768 7501 515 3390 835 6432 4867 4498 3587 3691 5979 6116 5682 9531 4530 7243
68 6365 1794 5947 663 6402 6972 1435 3742 6233 8403 3884 5189 4575 4661 747 4784 1422 4151 8536 8180 6151 427 743 4994 422 4785 2718 8374 2244 2412 4005 3687 5580 8726 6033 2225 6016 9373 521 3540 4900 5496 2963 2433 9061 8487 5549 9237 6471 4590 5626 4268 9705 5999 1796 4411 1790 5766 6349 3075 3504 5704 6274 4031 6120 2170 3541 4744
82 1137 1694 3869 1455 3203 4274 6316 248 9017 6655 9704 447 7146 2625 8936 3578 4175 4351 6826 2766 6009 1013 4526 4460 8349 8488 308 1269 7687 201 5698 9941 2297 141 6648 6213 6298 4847 4435 105 8033 4388 9282 265 6628 994 1244 8382 7084 2369 9122 9010 8207 4561 8085 569 2068 8971 3972 7357 5573 6455 3360 3885 4723 1564 2147 668 6512 7878 3679 6691 4321 9456 6634 2112 1955 3986 8067 1704 9876 1450
84 9780 651 9307 4820 3681 7775 9208 5352 1393 4811 4078 7291 4602 5726 3320 8906 3284 2530 3385 6898 185 4202 6548 3395 8793 5227 6188 3749 6194 4892 5522 8528 8024 3091 3467 7790 7915 5903 9661 7447 4443 878 8823 3199 6342 5651 9947 2666 9138 2230 1893 4036 1645 8481 8918 7803 7060 7216 1718 5253 8019 1687 7218 507 2768 3352 6710 1716 9092 8645 5501 2160 971 1480 7131 9245 3820 7944 882 4437 383 6926 3617 1068
89 3692 5467 4672 9322 7543 4919 2974 4220 3121 4469 720 5749 4603 8949 9246 625 1228 50 7 6375 98 1066 345 7025 8962 548 9520 8896 8297 356 552 800 7854 5765 931 6193 3310 8516 3365 8610 4712 913 8634 3180 9154 9114 969 4450 4732 2002 7593 8736 2294 9263 2356 4699 1414 4417 7527 8994 1917 3010 7113 3345 5466 9939 6079 9515 1497 4454 5420 7932 4642 9960 3853 2962 7640 3079 7832 5289 903 5559 2653 494 6671 724 1838 4308 2423
85 9686 4831 5155 7244 8126 1447 1404 8901 9200 6450 2647 894 8452 360 3442 9818 1888 1157 8276 8993 5807 5085 9611 5082 5918 8039 8112 143 2725 8897 3069 292 7782 1474 7039 6722 7401 3560 7013 1197 2742 1402 2680 4793 2995 7488 6217 6269 739 4942 497 6589 4563 1922 8568 2921 2256 5575 924 5435 7914 9850 4720 2629 7470 533 6484 7757 1992 8872 9630 7267 987 8136 379 8308 6425 9545 2968 3866 7115 5725 2487 825 4814
86 710 7954 9064 5353 1342 1371 1567 8294 6357 363 8724 1818 5538 981 7249 9789 5629 9993 9870 9018 5194 8991 7182 4032 8856 2581 8548 2779 3559 8990 6600 6461 3530 2466 4553 4619 2529 6475 30 5558 3859 601 4350 6765 2328 7123 1293 3579 1665 7364 7455 464 8385 6842 3655 4123 5627 4809 4614 5547 2151 4257 1394 4092 3851 9119 4604 2259 4864 3600 9970 1007 2559 2785 2289 8065 5099 8412 9103 4920 7074 5118 2651 6770 9896 3693
81 1345 7727 3062 7409 9135 3012 78 3897 6704 3880 4631 6897 8532 2277 9281 4781 4816 1139 1315 2165 4924 593 3673 7742 6610 2489 8967 7528 7855 2730 4226 4915 6536 2123 9120 3828 9141 3974 9084 8588 2228 6799 2495 1453 8861 549 7821 3015 3667 4605 5511 7575 7086 4293 7208 6180 2329 1002 5396 6095 4158 7359 4528 2681 2827 1985 664 1602 8116 2119 7033 6053 541 3085 8750 4570 8618 7111 2814 4961 4606
88 240 8174 2636 6865 7846 1521 1759 6290 2794 6747 1555 3464 4679 5156 7469 670 1940 7368 1109 4170 6094 8511 3103 1421 3822 4877 4859 5235 4524 8829 9864 1487 957 5793 3303 8668 8426 8493 4436 5218 2428 1879 4493 3810 619 7590 2966 5557 9142 4061 7971 1728 135 1749 3957 2657 2270 8667 2755 6257 3120 4618 8585 3549 1395 1206 8915 1266 9723 8179 5788 3039 2673 6932 8058 3170 7838 8451 5299 5703 4105 8713 9883 8422 4790 115 8633 5701
75 967 6695 2296 9460 3139 2359 4212 9165 7827 8171 6294 9253 9051 2576 7378 3119 1810 1199 4213 3325 4452 6567 8253 4323 3645 9498 7529 9400 3565 2996 4775 1141 249 6355 9921 905 5515 1773 1203 6976 9117 5989 6726 3076 313 4520 5595 698 3506 709 7303 7189 9425 5605 8702 3975 1673 229 8202 6808 2886 3087 412 1682 4147 985 948 4320 1579 3868 8088 5949 2960 3125 9501
83 4442 3757 6438 6261 9072 4196 1318 7974 1887 5568 8287 5103 1148 6519 5745 6582 1158 8435 5261 3275 1971 476 5203 6667 8665 3307 6950 8256 9393 979 6187 2435 4610 7507 7913 312 6835 9933 9760 8868 6288 7965 1618 8495 9088 8152 3769 753 1611 9659 5774 4593 7638 8160 3259 8567 477 416 2945 4630 4035 202 7874 751 349 4538 7761 8650 7483 8090 1637 5951 2234 7023 18 2347 9388 1001 1554 5180 5423 2383 9603
89 4529 2090 9978 8773 8041 7477 6656 2850 5757 4987 3353 962 4862 914 8059 654 1087 1615 1180 4327 5902 1500 7580 4677 3589 277 9025 1449 1998 7515 4433 8023 1458 8825 4155 896 3734 3548 3289 8255 1051 2805 1793 9898 6353 7118 9859 150 9433 1221 7475 4049 1071 4111 8799 1748 9918 3614 9057 4434 4984 5320 6229 1196 9710 6964 1011 531 7799 8108 231 5829 4010 9171 8912 966 5719 9065 8341 5732 8641 8410 5843 4977 1383 8973 4142 8917 4756
76 6686 2434 5314 2715 1125 9727 2717 4909 3028 8560 7238 570 7765 4880 1028 4858 9856 755 6022 7979 2845 1000 7121 3153 9173 1192 4176 1337 6891 2727 2611 1034 7116 9879 1876 4216 8530 91 5272 2798 7655 1624 7418 2621 4812 7993 2981 5388 4083 6723 2018 647 5811 1426 3318 8725 6434 5359 3000 2031 1098 38 5077 8143 6052 9953 3516 9946 4038 887 3022 239 3238 8942 1622 9750
78 779 4258 6847 9636 5192 6931 1076 6406 3834 4951 8477 2 5531 9693 7763 9517 2242 120 8958 5079 9285 5644 4935 3161 7239 4144 6364 7613 1483 9300 5447 5753 683 7801 7053 8214 307 7716 7163 525 5614 1726 8959 5818 9220 3900 9470 7321 8907 4541 5134 7657 9624 9821 5023 867 6921 83 4747 1896 3156 2971 4201 7941 5358 1149 2062 411 5988 8929 9250 9772 3827 8523 5043 5029 7117 5129
80 5065 4299 5497 6212 3815 2006 3452 6401 8053 7354 6577 2585 8232 5913 2773 1816 2042 3895 4738 6240 2022 7108 3130 8957 3835 4918 2419 7581 1894 3612 7054 6134 6864 8811 6759 511 7082 4850 9318 34 2059 5151 4110 1801 2789 7324 2247 6542 1014 7047 147 9488 6581 3216 5112 8448 3588 2439 228 3775 5324 7704 6145 6918 2263 2152 8295 1923 465 2330 6957 7945 8231 478 6984 6560 1275 7701 8672 866
87 9274 421 6163 335 874 3722 9771 9069 7323 3098 9546 5920 5871 9403 4115 1027 3743 2071 1834 5326 976 2982 2509 9725 3649 8747 9251 3878 6793 3657 7420 9058 1538 2265 3167 9109 4101 1064 6947 1909 1132 2890 3881 4328 5241 5075 9273 9402 1401 1230 9959 5976 9919 1843 8326 4722 2614 6853 2004 4976 1469 6740 4221 8248 5461 6389 7311 8474 4932 4102 1986 6908 37 6856 4024 9573 3668 5786 1842 4222 3981 7585 9039 7595 5413 1799 3644
75 4400 2404 3019 8230 2324 7617 4797 4522 1590 7953 1 5000 2449 449 5132 2817 2290 6383 116 4629 8408 5814 2639 9452 6337 983 9022 3497 2099 4700 8381 795 2676 9409 5883 6025 9752 6273 1317 608 4945 1072 6248 5708 6621 2747 2291 5307 5932 3018 7629 1920 8836 831 4453 6291 6588 3317 3267 8038 6227 2037 2931 3759 1643 395 1746 7707 4897 7027 5857 4211 2878 9699 173
78 7766 1399 923 3025 8388 916 2476 9239 9548 3594 8978 1606 3664 921 1574 6597 3856 4051 3311 2916 9743 5640 2491 637 826 6114 6806 166 1711 7127 7651 6208 576 4773 9321 3052 170 6076 6827 2207 2517 233 4694 7205 1023 2700 7547 4256 5636 3703 9465 7605 7465 8307 6444 2658 4140 7618 8815 1258 8894 6738 4149 282 8743 4247 7599 7532 9605 207 3250 8064 7043 8155 2869 9651 3977 9684
87 7030 2947 1625 1495 4465 4637 4172 9968 9 5284 8010 3002 1193 999 5480 8721 2683 2955 9145 7185 8627 5330 4079 7724 1967 7928 1703 1473 7672 4890 9606 7749 3991 3421 2219 5433 4628 5462 6674 61 9317 5631 7731 6585 6407 9297 9024 3411 6885 6973 9162 6734 6173 7872 512 6292 9404 3724 8504 3387 7496 2706 1901 5674 8074 3952 5061 6815 6086 6442 8055 6941 876 110 4430 5196 1935 1596 5555 9809 5895 5059 5841 7684 7454 2881 161
79 3701 3533 7446 6622 7952 2811 1411 6982 1229 5157 9059 4992 3479 6162 6494 6986 2000 816 2132 6703 6296 6237 2127 9740 1112 6245 1133 758 3720 6324 8002 8240 2362 2240 4167 2131 3058 9528 725 4267 3333 4203 8051 8169 2222 8728 2484 4551 5206 3494 8822 5318 7646 9563 5588 9761 2360 4028 9668 6702 6242 4062 2395 340 5270 2158 5584 6021 2486 1693 8503 3901 380 7495 5565 6412 2856 7998 4019
81 9213 3562 8573 3821 4225 8943 2880 880 3585 4993 8874 6426 9461 6563 4248 210 1355 5231 6998 4270 4666 5233 1781 2912 9589 357 567 7751 2274 6860 8211 5959 2285 6969 7700 9813 7211 8280 4390 3583 3127 8433 1839 522 946 4295 7410 1958 4894 8810 6823 104 7104 3651 9744 7246 5394 5395 9091 5740 634 6523 6917 5554 9221 2400 4231 943 1652 2961 6179 6308 2137 1436 9356 766 9284 9266 4584 4882 4840
91 9193 7130 517 5826 7067 2111 7513 6804 7967 4402 1003 4179 9867 5621 4015 466 8513 8670 377 4611 7247 4795 4669 2632 9617 7755 6152 8014 3841 791 3447 1153 8071 2972 6570 656 2122 3566 7204 1363 2268 1792 2245 7946 7981 6645 1529 4067 9233 6225 2679 8904 9608 5589 4696 4292 6348 2609 4022 5832 1913 2370 7693 8113 88 7621 1255 2257 1062 2605 1268 6258 972 4952 5520 7520 6780 396 140 4702 3460 859 1380 8538 6000 7630 5699 8332 9552 7850 3288
83 9071 2333 3534 311 4466 8043 5025 527 8133 7937 8096 8779 2885 8850 5616 4839 4566 3426 9618 4532 9703 1825 6698 5057 6776 6647 2173 3669 6880 4512 3375 9594 8794 4752 508 5174 2281 6098 5295 4406 156 5997 1309 1736 1701 2354 768 3543 6736 7041 669 6837 420 7890 4173 8134 6554 4125 1558 8594 1099 3344 8105 7112 1179 6270 771 841 5251 2496 4184 3354 9644 7884 113 955 7753 2221 2601 8296 5556 3941 2095
86 5376 4799 7873 9420 3546 3599 8298 2580 8720 2987 4489 3848 8257 7523 4761 4339 5772 6381 3394 9454 32 2096 3912 1621 3023 4237 7024 9679 7795 6065 5876 9424 2105 2429 4275 5311 1924 4983 7823 5861 1965 2203 8737 6714 3209 860 7842 1708 1294 8030 2286 8980 1387 2233 9857 9982 9774 7798 5430 3016 5924 4394 2523 4004 9862 6680 9275 5590 1988 4617 4246 1437 8589 7280 5529 8313 2177 2316 870 3107 1562 5948 8615 9131 2168 8534
83 4872 8626 3849 1031 7197 413 2940 4262 284 9670 9324 1729 6320 1668 6590 4154 258 7713 5789 7815 7396 5491 348 9167 4014 4282 4473 9019 6278 4788 7770 9055 5667 3487 9043 9854 3063 3045 6334 9497 6708 5473 4708 973 2541 5782 7743 849 7487 8115 8235 7049 2179 7153 5762 4309 6889 5484 6356 8371 8057 9427 7889 9439 773 8741 6428 8076 6836 3568 1722 2300 9889 7085 3105 5190 5561 5485 7768 3322 2714 4189 4037
87 814 6697 4026 9463 8617 5716 575 6263 6923 136 2847 1434 6514 5463 8329 721 8569 7458 3187 9558 9914 6766 55 9232 2258 2892 7977 11 8283 8862 886 542 8531 6459 5097 82 3698 415 8123 2130 4215 2046 577 5863 3260 7006 4374 1200 5412 3998 1725 6265 2366 3943 6062 4833 7076 7369 836 8556 9908 1871 281 3864 8659 1849 3512 4724 5229 6868 1237 7464 4027 9491 52 3450 5694 4425 5208 5953 7425 4302 1545 7445 4849 2061 3468
90 640 9391 9543 8867 1620 9798 3491 167 394 6311 2253 4755 8163 609 9279 8644 713 215 8491 5838 4160 1560 8709 6925 4537 2512 7573 9196 498 7174 2357 3593 3266 3414 9979 6652 3776 2153 8597 8518 1289 2589 605 2729 6966 6243 272 961 1571 6879 3030 2583 6658 7835 1686 3197 6006 8225 2929 6418 7673 8111 5382 3290 2641 2016 1791 2889 6979 6150 4792 5040 7984 5689 6195 3409 8252 8461 5460 2751 6901 7712 4447 79 9662 8776 9814 3804 7345 8166
87 3503 8029 3067 9121 4980 1291 6003 9521 2774 9079 7338 5736 1042 3710 2454 4103 1563 5851 1945 6070 2518 5950 3213 1830 9490 4068 408 6869 6884 4953 5868 6464 2948 5729 686 2261 4959 7444 5402 1195 9757 9903 9795 4534 2204 8469 6368 6907 5434 9031 7467 3934 6008 1446 1415 5290 5804 9012 3536 5 9481 4829 868 8525 9807 8712 4333 2820 9994 8902 9800 5209 7350 1251 9840 538 3675 2299 833 6709 4137 4841 9841 1431 7631 4589 6325
93 1634 8009 7574 468 8647 7893 2314 2461 9170 1745 9585 3774 7961 4033 7395 6540 9731 7199 8479 2284 1662 5506 3891 5768 7176 2739 9437 3927 5202 1352 4711 1528 162 3800 1045 6721 5777 9101 7198 927 9046 1130 502 2572 4369 3945 4776 5286 3233 8883 3756 9457 554 9009 3962 9163 3670 23 1963 3200 3789 5481 386 4359 9180 3160 6396 5755 7561 1094 8109 4978 658 158 4565 9701 1690 4979 2537 5721 9415 7188 9161 9436 9584 750 5331 3606 4156 1911 2136 5478 4822
89 6373 4876 4531 7606 3850 5978 1516 3437 7936 1568 4059 636 9935 330 7764 9363 8193 8342 2458 8965 2829 4516 3145 4347 6369 3152 9779 3836 3672 3771 7560 8666 145 2877 5049 6692 682 4157 2148 4893 5756 6807 9089 8903 4164 6859 909 2866 4658 2266 242 9499 3590 7870 6679 2500 75 8673 1506 372 9753 5492 4416 1438 1046 5052 6737 5143 5797 3011 9522 8961 9649 9539 2612 6493 4000 7358 792 5316 2126 1088 7887 1771 2139 14 1548 2322 4377
83 6994 7779 537 8220 7924 2345 9094 5239 8489 367 424 8669 5125 8869 7592 2691 9998 4645 661 3963 4613 6620 5874 8651 736 8078 588 6031 2809 6259 783 7921 633 5092 9878 2973 6346 4908 2838 4345 7506 2254 6888 5213 4654 3907 4878 2902 7834 5578 2547 7021 785 3049 400 3347 2363 441 6376 364 8774 2558 1210 1501 5530 9487 5072 6989 8831 9572 1952 9150 4250 7144 6226 237 4519 7429 2448 438 3806 4870 1910
90 3243 5983 4393 3017 2964 3857 5357 9758 9479 6411 6643 2214 1022 2185 6040 1609 6641 3176 580 2685 5136 3686 8733 2295 7156 9102 5936 4620 5946 1685 8081 8762 7556 5479 387 8801 5763 7685 8656 7598 7720 4623 5662 7723 1358 676 8083 6757 4763 7428 7853 8185 7194 2269 3133 5677 5993 5551 9810 3330 6206 9533 813 3640 5905 252 6705 3056 1286 7322 7344 6497 8889 8997 3327 5450 8987 6729 5257 9449 4830 5971 4546 7869 929 5130 8018 2332 9580 8761
85 8293 2197 5247 4963 4742 737 2024 8061 9184 2081 8812 1757 7970 1681 714 1214 5296 1035 3 1216 5310 6254 6724 8261 290 8596 9576 172 5022 2200 3480 7856 5912 2052 9696 4178 7390 950 6038 9986 6562 8527 8421 2243 715 5098 8402 8344 8935 8926 8771 5987 3544 6417 3484 9848 6327 9190 3086 8677 6415 8921 2305 7415 807 738 469 3256 3994 2125 4052 7150 496 8638 1220 8354 1128 6452 6374 1029 286 4659 3837 7557 6919
89 6796 5591 5223 9494 6392 9365 2707 5696 851 1231 9622 1526 2708 5469 6701 7931 847 821 8438 2441 9586 5925 3417 5230 7634 4921 5942 5733 3918 7372 9764 8470 2488 5546 3202 703 4266 8870 5523 9397 169 8663 2536 514 1806 69 5825 3343 8238 9187 8938 4423 163 8557 8401 5769 6706 8572 9927 650 2660 2482 2569 1751 7017 7514 2596 295 254 9847 8629 92 1005 1202 1369 1391 1240 5922 7490 119 4778 3876 8730 4441 7551 2298 2227 2821 4975
83 8021 3129 4360 2155 7498 3522 8205 8710 2272 4641 5474 2790 4934 7611 5078 4016 8845 3638 2306 3721 9484 7419 1576 1654 5486 8639 6183 6586 4291 4210 8400 8952 4574 2976 1445 9062 5128 3777 3499 3055 1327 5601 7234 2410 322 2075 1670 1980 6624 4217 8924 5956 9775 3628 5974 9489 7570 3613 3249 190 1187 9332 1470 718 8347 8199 2900 7610 7472 6463 855 5328 9944 5817 3595 5374 7255 482 6768 9833 8007 5672 6829
87 6117 479 8394 8409 6058 1482 2073 550 8372 7352 7269 7586 9096 5308 5185 7346 9716 7141 4486 7453 9599 4594 3334 9052 643 8717 2670 5370 9216 7149 7466 4146 8646 238 8221 2349 2026 1968 6867 321 9992 1277 1050 8186 1274 9375 3567 1106 6386 991 7191 8632 8319 7332 3361 3211 9730 691 6997 1747 5327 9331 6937 9077 3478 1951 7286 62 6197 7341 3257 7242 6370 2017 910 9137 6262 8975 3592 5448 6522 1962 3607 1041 1282 8703 4244
83 7669 339 9115 4076 1934 4736 12 5344 9690 3744 7186 7862 7462 293 6251 4205 6075 114 6639 4913 8611 9532 8229 9464 1198 8340 970 3855 4657 2249 3231 342 8335 4911 5219 5738 431 9379 8127 4382 9357 2879 6556 5465 3100 3552 7102 4279 5009 9326 8289 152 6783 9432 8026 7171 9286 4263 2837 3287 8062 4365 5904 5908 6276 9784 6156 4204 8316 5917 1531 6992 9085 4344 1696 3241 8005 3796 6788 374 674 6306 4073
86 6579 9888 3872 443 9002 1054 4754 4045 8983 4588 6743 1165 9478 44 353 4358 4823 6742 6478 4455 4301 8833 3618 2157 505 8864 7816 2712 8940 8200 9429 775 7018 9211 481 1898 99 9258 7088 8348 3993 2672 6578 6773 628 6890 2381 8398 6728 6956 7665 7071 8311 7103 5813 8851 1420 6451 2949 9556 8680 4090 6741 6408 6160 2564 9904 7168 1429 3619 2334 2599 1713 1264 6602 126 8281 1020 5827 5548 4545 3219 6700 9899 1103 8031
89 1030 6731 1290 2857 8431 7014 1907 196 7579 9717 3581 5944 8914 7374 2064 1418 2161 2784 3718 4521 842 5679 8742 1692 354 8360 2626 5184 9726 2372 6715 1033 9289 6689 9153 6096 6592 1152 899 3660 4315 1256 9980 7633 3860 9654 9787 8657 8508 734 7717 6309 8758 2267 5910 1786 9675 6874 4523 4791 7942 1505 4488 5007 4647 9746 3222 9554 1857 2507 1679 4933 6527 3337 7544 7615 5055 74 8073 5343 1254 7888 5921 4652 6105 3293 9385 2598 453
81 5833 9808 6767 1873 7200 6010 359 7011 4457 7745 5715 4255 5681 1537 624 7607 7668 9450 8499 7785 2709 959 5414 2594 8159 9044 6073 5977 9248 2008 9926 213 5050 7164 2271 590 3604 154 1536 7632 2033 3225 5142 4787 6394 8167 4357 642 4391 2764 3027 4159 4709 5255 2510 3564 455 8581 3014 4751 7759 2825 6387 9640 9513 5279 2201 3772 5767 2055 2693 4114 6666 1058 1869 2991 2905 3659 5019 3938 6147
89 1836 6409 7046 8731 9869 366 8520 1368 7597 8752 1059 4689 6421 4186 9451 4707 47 4511 678 9685 6067 8222 1311 5401 9682 6995 2887 697 9894 6166 1122 1095 8494 5421 1714 4334 7304 7934 5332 8969 5846 1912 2060 8690 7988 2494 6502 1848 8755 7190 6314 9578 1190 3858 582 4383 4353 9118 3550 4462 7226 2703 486 9112 7408 5828 3809 6249 6061 8945 5150 2735 3235 5727 1223 5596 6317 8480 9280 4260 8114 9999 8735 4072 1272 4646 7317 5349 9832
85 8674 8274 960 9001 2447 9674 6814 6699 1905 7223 8605 9900 398 7972 2870 8460 3476 2231 2702 1017 9910 347 6113 193 8097 2752 259 7604 2468 7460 3309 6756 2275 7697 1090 133 5940 2080 1841 8592 1476 8244 6023 7881 8694 8122 2953 168 6623 4874 4678 9872 898 6289 8141 8272 3223 2642 4185 722 2716 4748 425 6054 6072 2967 4373 8315 1956 5888 4314 7265 6441 7837 3172 6110 2339 8336 5700 2301 6341 3277 4997 1855 4040
88 2865 8976 2638 3296 9268 2411 20 9257 3065 5994 3377 6081 458 2787 3694 6914 9614 6293 6811 5973 7252 7099 8792 6845 4218 6611 9139 8212 1784 2196 6363 500 3807 934 8048 5512 4131 7548 546 6911 1753 5746 9016 8189 660 3329 8262 8537 3428 3695 9571 5062 3315 9312 9262 8766 1870 4578 9988 805 5784 7525 646 5869 4824 9901 846 5449 2728 2781 7384 1739 9042 4554 1246 3247 4278 7546 7648 8353 3905 8996 8772 5911 388 9389 7069 1550
90 1546 3228 4182 2340 9338 5739 4716 2074 3547 1159 3073 7405 4905 2984 7879 5603 1425 7031 1653 4758 6310 6352 6784 6916 8259 5637 4627 6857 6739 253 8080 9625 5101 6431 9650 1123 4863 1623 5028 1785 5770 7929 8192 1700 1770 5431 930 3185 7938 3102 6448 9310 2365 7626 2309 19 2913 3070 4739 8020 3151 3840 1488 2508 2603 728 9945 3215 5165 8738 7336 3915 8103 688 4408 2282 5160 641 6505 4405 4458 9688 2186 5815 7552 3092 8748 9049 1338 9371
89 1601 5572 1707 7660 4596 4687 7991 9201 4515 436 9504 9111 745 1828 5068 7110 4335 9278 2310 7070 489 8863 3163 7793 131 6646 1339 1639 3932 8008 7347 8145 6184 1789 7836 6354 1987 5392 1075 9596 6820 9825 5879 9414 5852 6302 6474 3080 8866 9256 4769 3817 5805 5532 5995 7079 2791 7343 8322 1613 1844 4304 5398 9824 2348 5030 9302 8478 5084 1544 2255 7645 9645 4025 6136 5093 4187 5210 9711 776 949 35 2020 9884 2250 8682 7802 5149 1494
92 7360 8497 5594 1396 610 1211 2194 4899 3264 2849 774 9923 3034 9667 1222 5945 5821 3364 1600 7828 3643 1586 8098 8746 4750 978 9378 2606 3648 1467 2223 9151 3889 6824 6380 8286 6272 5536 5890 5277 3291 59 1502 1160 2407 6852 7206 7689 3378 2251 9790 9574 1307 5355 562 8623 4725 5954 7912 1232 3596 3799 4527 4277 2403 7482 7221 823 8509 3893 7571 5036 5495 7602 8237 9500 6760 7227 6660 6654 5611 4950 817 2376 5776 7081 8472 3605 24 7800 8267 3381
89 9035 4851 1281 3475 9192 5153 9928 5198 5630 5617 5992 1943 3124 1993 2252 7670 8937 3162 6895 1996 7735 3398 1316 7404 7015 7457 3399 4412 8367 4180 4898 5179 6430 5013 9985 9816 2475 6495 3388 1628 4749 5387 606 6915 954 4680 2424 3363 241 8390 1452 211 8168 2646 4926 4765 2142 7767 2384 6965 2565 7271 2446 6786 4085 5831 9445 4303 1647 9227 4837 6190 9410 7292 7434 7939 6633 4470 9891 1777 5683 8483 2696 2012 1881 6232 5500 5690 8916
90 358 1319 6230 7138 8542 504 9739 3221 7010 107 4254 63 1572 8032 7298 8956 9070 6333 2634 9214 3436 5066 6400 1357 7609 4098 1969 5422 432 7478 9575 9078 5714 4501 452 6028 4385 1131 7314 7451 5914 102 9148 3521 7284 9352 2737 8338 5775 7818 8393 6132 3944 6221 144 7864 7268 6604 191 8216 5542 1241 3919 6948 8800 7240 405 9831 4313 251 9442 5505 4582 9038 4843 7095 9188 9159 5553 9733 5302 1904 4886 3301 5417 8131 1915 4907 3053 6250
94 9719 3741 982 2762 1861 7263 7388 3818 8565 328 4387 6900 7886 7542 316 1171 1287 1166 5338 3155 9182 4378 3514 2292 1819 8284 3178 9995 6753 839 9613 2826 7353 9015 2640 5884 4432 8718 8040 6382 4826 9202 5144 8387 3819 7563 1257 1552 6821 1903 7183 8660 6331 8790 3970 5897 6690 1853 1138 4113 6812 6887 5037 5306 4925 3624 406 877 3928 4066 1181 6863 543 8807 7809 8197 7588 7975 2746 8037 4199 3282 7541 8637 483 2038 7207 3472 3095 6491 6822 6945 3676 8406
96 6300 108 9205 247 3882 8500 5615 6457 7505 8084 5126 8250 8042 9468 6241 958 5111 4543 3736 5004 659 7128 671 3661 1974 7883 5405 8846 9509 1079 5225 5972 7087 7711 6682 7193 5161 7175 4525 3314 9595 1735 9006 8878 9426 7316 8411 1756 9544 9692 5001 8683 1697 8093 1382 9323 5195 350 6991 5432 2867 7042 2406 6535 1899 3138 4484 2697 6854 6617 6642 5041 7908 8044 1259 7430 9361 4634 8963 6838 707 2590 7004 9911 9597 3637 3473 5107 8047 8277 6133 9616 3026 3427 8892 1732
93 7692 4705 4332 9706 2338 361 1479 8541 4403 3754 997 3384 8384 3201 1831 7840 5919 869 4927 2540 5162 4269 3454 1919 1472 8583 7739 222 1642 343 7733 535 3206 9721 9014 5334 1776 5929 6246 5248 1288 5315 9178 2236 2736 7639 3449 8444 9783 8768 3432 9477 6608 5168 208 2093 3372 7293 8841 1800 4069 7807 8704 1772 4974 1939 3674 305 4448 953 6958 5238 5117 712 8151 5507 3424 700 4639 5695 4813 8875 4143 1977 6565 3888 7861 9315 3035 461 6282 4967 1253
89 5781 5280 2532 9186 8884 7710 563 4564 5524 3111 5044 6462 484 109 3117 4660 8473 1975 260 401 858 266 8977 6458 5718 2355 6126 4322 1040 7435 9265 6169 2571 6416 6960 3486 4767 5297 1989 6196 5356 7603 8689 9238 8796 9056 2888 8855 2545 1136 4464 4697 5517 8621 8001 1049 2420 3441 2796 8648 5274 8264 3059 6524 8455 7730 1301 556 3401 5870 1124 301 1405 6460 8194 4109 4626 8466 566 6220 9565 9913 7989 6978 5747 1175 1755 6437 5386
88 9964 2771 6234 4413 1608 7708 2757 4970 585 4692 3634 6045 4985 3336 4667 8512 1129 7649 410 3719 7738 180 2377 9342 1964 6168 6988 6447 4195 256 4836 6802 7427 2732 8749 8462 6928 9912 9745 3883 9306 5237 8577 9030 3646 1723 772 1535 744 5017 2610 4559 9430 666 2977 684 8314 3766 3935 7387 6910 2208 6711 3168 6395 7612 4624 1614 1299 2591 1727 2118 9063 8046 270 8129 7857 2238 4989 9820 1306 2066 9836 3770 1566 5100 884 3950
90 7522 2402 1960 3051 1553 189 6012 6735 3894 9344 8162 8604 1949 4235 4034 9036 302 9669 6615 8450 267 244 8475 1508 9713 3684 4456 6043 3788 5518 4865 9718 5127 6410 6223 7294 6466 4808 8948 9140 907 3326 8359 2326 1895 4319 2840 5939 2283 3066 2560 2928 271 3767 8022 1698 9930 3402 319 716 8361 2388 6472 6130 8522 2926 9267 7348 9965 4804 6192 9392 3808 8358 2195 1760 9048 3584 7442 3680 9328 3966 7167 3279 7299 7192 4183 1271 3489 9290
96 727 8226 2108 9507 1374 31 9793 1589 209 5570 5648 1493 7776 2990 5526 8405 3940 9593 523 9812 4597 7028 4428 149 4540 1224 4361 472 7674 7833 5166 5862 9384 2436 3182 3195 5171 822 7302 9347 2938 4567 4715 7274 1660 939 7555 4625 3169 3459 746 9562 1085 589 9909 8154 6651 613 2138 3923 5018 2687 6154 8910 7288 530 7062 2319 2143 8871 5678 8417 4507 6350 9368 3942 4329 4280 2273 7493 5686 5593 1737 289 3501 7377 3036 77 5404 2069 4044 4494 1440 6946 6481 9907
96 9577 3194 9792 4461 915 7142 2749 3408 5803 7391 8729 5801 1603 7228 1658 8753 3332 2076 5283 5205 3997 4608 9763 6516 7456 221 4902 1549 5859 9160 5527 2051 7787 4777 4857 58 8765 7920 9353 4310 4409 2936 6762 871 5909 6529 9295 7825 2698 9197 7029 7309 4988 2043 200 1646 1674 2618 6659 4914 1769 5271 802 6344 928 9020 5671 5510 615 9367 6558 3040 4982 6718 3697 2351 9952 1709 8502 8848 2054 5102 8826 1774 2579 1616 1607 9240 612 2113 1671 3186 6981 7177 5539 7008
