7 8890 3269 2977 8881 8875 1759 240
24 303 1992 4377 8630 8271 8711 2809 982 9022 5803 1537 1779 6800 126 9839 9835 6622 5229 3226 7423 5170 5373 5776 3517
18 9913 211 853 2585 64 6316 2641 7120 5160 7415 9681 5583 8268 6290 8450 7101 3421 4588
29 1178 7186 3557 1833 9769 9645 1123 6062 4690 3124 7370 7098 3332 2960 6253 7935 118 62 3118 9841 3306 2966 3563 3658 4188 2219 1127 1149 1823
19 4839 1335 4679 8902 6041 338 575 680 379 2984 3918 1029 2317 5385 8790 1014 4737 2097 2998
9 3156 3580 7468 8845 9008 6553 188 6315 3014
31 4094 5497 445 2949 6807 7399 6150 1372 6466 6307 5089 6430 3325 6984 8953 8502 4256 2431 524 2041 7542 2761 4253 6823 8240 5595 4785 7426 7946 9971 8098
11 3654 7791 9395 1509 7403 9896 2903 6785 7275 9699 1284
16 4829 3790 5491 8952 4405 3114 5498 4373 6097 8944 9041 2767 3681 4 7126 8923
37 1138 4435 1815 1492 945 9851 1888 1830 5856 6804 4153 9071 7097 4532 1348 5442 6367 3495 3228 9948 9799 7479 7616 3908 7578 1742 5528 6790 7885 3071 9189 9086 7803 3447 2847 1701 2873
11 8703 8578 2480 4969 4875 5553 7050 4019 2301 4295 8215
13 4059 8292 9084 2576 7293 6654 9544 8670 301 783 1488 2019 3525
31 7318 2296 920 2920 9698 769 7229 6269 3410 4071 277 5324 7884 4355 4653 846 1752 3789 2477 3173 8933 8297 2800 5152 2860 7970 6528 8580 8165 5118 8885
13 9121 7194 9143 1666 153 6440 1548 4462 2827 6968 1901 9552 392
12 7429 606 3444 7952 3527 1315 4894 7716 5239 7973 3298 7181
12 7913 8203 8236 4411 4175 2946 642 8 9007 4982 5119 4599
9 2418 2896 2066 308 7905 2779 4768 5644 2983
10 2384 5913 3141 4988 5738 2931 3768 4431 9094 3870
32 5018 1209 9675 6135 1305 9393 6110 4833 8382 4665 7585 6831 3051 9090 2143 550 6455 2648 5214 9457 7741 6863 7638 1434 6259 8456 189 7121 149 6585 8517 6241
29 5299 8518 1664 9888 268 6456 3236 9864 2110 4485 7203 9934 4213 6000 4291 5163 8247 9185 8018 4710 2690 9426 4616 1219 9147 1486 8488 246 1699
7 1993 3457 8773 8976 6744 7152 5784
29 190 5192 3471 9852 7657 3972 1267 8449 1079 8681 9402 2717 7926 4889 9506 5278 809 6628 8706 1600 6841 3882 2943 9590 6847 5368 7725 5720 6302
11 4379 563 1644 3220 3181 3537 2831 9102 2834 286 2939
9 1978 8227 7854 9434 7216 6546 3448 8718 9922
17 9550 9411 3541 1349 9289 313 5380 3216 516 8359 584 9295 8894 2553 3312 2133 5293
22 6783 9020 84 7640 666 2184 2748 4938 5021 2653 385 4007 1810 105 4089 6178 6892 9984 6118 7752 7136 8490
9 6039 7010 751 9264 8246 4595 2368 8027 5886
19 1528 7320 2106 6403 4965 7757 4942 1409 3752 5267 8125 4168 7774 2877 8286 6732 3670 1295 7753
28 6901 5113 1438 3572 1273 271 734 4494 9538 6618 4615 8915 5356 4937 938 7588 1237 9853 4565 1946 496 4086 7158 1362 5750 9014 1118 1374
29 8329 3743 5445 2432 7070 8204 2519 7314 6327 4450 6596 65 2649 3776 3342 7352 2404 6774 7449 9091 7012 8639 3486 4674 2962 6088 9241 371 2411
10 6115 3253 3988 4214 4309 7325 40 3983 7068 8048
21 677 6252 3468 7693 1263 9165 691 2078 1004 4050 3476 1307 3121 4851 6820 8822 6720 5980 3844 8581 2926
15 700 311 7994 6647 881 8009 252 1098 8016 9107 7872 9900 2705 1231 1022
21 3607 719 6630 1725 5064 8950 4802 7259 929 3953 5374 7262 9173 344 5389 6837 2011 1696 36 4273 1020
22 6694 6794 9216 2917 8448 4020 5387 8158 9890 4913 1660 4819 1431 6442 9902 6719 114 9348 9416 127 7155 2866
7 8149 1543 4885 7475 7227 2144 4936
20 8024 7862 7117 1897 9116 5995 7446 967 6777 3082 9924 8544 785 8307 8117 9562 3551 9154 2987 6518
11 8509 5424 9581 1066 6780 3951 7911 2056 109 7464 5513
9 9523 4184 9412 7104 4648 9733 8086 2293 5091
13 1874 9065 4150 1353 482 2702 4326 1591 8108 725 5102 8565 8330
13 7013 9152 9103 8103 8720 634 5156 5863 890 5 5469 1427 4987
22 3257 7957 6952 7346 9070 1834 3489 2645 1169 5372 2045 9081 8776 5965 2699 8867 6306 4458 6187 9331 3652 9726
15 157 2356 5693 8978 6912 5391 2694 3888 9665 356 6117 6525 4997 3252 3536
20 5744 9935 3549 565 1002 9228 3007 3747 5041 8220 7130 9009 6660 5066 7328 1337 1895 1919 7221 5842
13 222 3333 1867 5890 585 5402 7444 2584 8851 9440 2333 3241 9693
5 8965 1387 4957 1436 7061
29 6044 2147 3067 2603 4910 1228 8555 2912 9495 7448 8876 3636 9475 2151 2835 5849 5701 27 7510 7711 952 3960 4707 5781 4134 6943 3198 8808 2628
13 8175 88 1192 3767 8655 4668 6986 2895 1846 2286 9591 9126 299
11 2571 297 9901 530 5991 5284 977 3718 1894 2227 859
10 3055 768 6656 6404 9003 7141 306 8397 4281 6524
16 3329 5649 2805 285 5650 8916 4259 801 3736 8752 6810 4681 2707 4500 2693 5432
18 4687 2774 7329 9627 9254 975 1240 4659 3632 3066 5636 1553 9543 6584 7148 352 7506 8139
13 9267 6913 7355 8992 7187 9858 2201 28 9998 9358 4820 2819 2579
16 4414 6765 6304 5668 6361 2357 502 1735 5371 1289 959 2027 8455 6958 1579 9354
26 7198 1447 4637 6916 6228 4455 169 2941 6244 8464 7558 2118 8368 6939 4667 4624 8688 4289 6629 4730 6682 5384 1893 5604 5637 5597
16 7928 1515 9305 1635 8587 8342 854 1794 5087 6767 9731 4602 2324 2729 8160 1000
14 5358 3869 3017 497 3849 6222 6247 4154 1563 2349 3724 8255 9351 7160
19 7553 9768 9976 5227 1313 7465 4428 5719 6202 8290 3054 3845 5291 2031 6068 4878 7790 8749 4557
7 6457 5517 6321 9609 4000 2858 3780
16 6724 5332 6360 7266 9789 293 5600 3483 6205 6380 1578 4634 1684 9161 7658 7809
10 4437 61 9514 2718 576 2629 6844 9217 1865 7371
12 2176 3774 6578 3996 2101 317 5645 6496 4517 5494 1056 630
31 6412 3371 400 9401 2135 2507 7677 3208 4706 5381 6133 8782 741 377 5008 6874 9130 3406 9870 6459 3511 6915 4550 9122 9516 5251 3944 3485 2080 7051 8948
23 5510 7249 6296 4733 3445 1530 8614 9952 5535 141 9046 216 5976 2996 6332 8656 8105 7420 7921 2572 3058 276 3861
18 5090 483 2720 3129 57 1565 4673 4376 2140 4772 2714 4266 8597 4979 9441 9539 9740 3286
27 2735 3103 273 8351 7975 5721 7759 8190 9199 6634 3092 8259 9118 4297 2938 2745 8181 9233 5511 330 6511 788 3683 9248 2024 8141 3507
17 19 4948 376 2511 8962 1912 9273 8719 628 331 4422 7469 911 7772 4251 7496 1507
14 2788 3024 9691 3168 2297 305 1165 9244 2567 7798 9260 4176 6499 8825
15 6547 4693 6536 7451 9249 6709 8689 2222 3379 5740 3095 4976 3023 6177 5461
9 3025 8967 7659 9181 9597 192 8386 1347 5825
25 4848 961 8133 4935 3692 3068 7020 9429 6305 7456 3826 8573 7769 456 7298 946 814 7858 2229 7439 6543 2437 6005 4337 5775
13 4080 2278 1503 6438 8989 9140 3675 9406 6689 2787 8739 1037 9251
22 6735 6822 9757 9869 2536 2217 9037 1272 7234 5306 4365 8590 3573 5692 7414 8471 4810 1763 5581 1859 6661 807
25 4349 6053 6849 8708 8795 4143 6216 1968 9735 8179 9710 2539 2164 9298 290 3756 7507 3437 7367 2186 5290 5346 4753 6782 3812
12 7804 4603 8011 6506 8657 7932 4998 3094 7315 9115 2490 8740
5 4761 9459 7310 6981 4923
15 2531 8557 6069 6424 2112 3833 4282 1250 6814 645 1963 6425 7236 943 2615
23 117 6875 2166 7088 6399 2706 168 4167 7102 8785 244 2882 5908 50 1535 4262 6619 8495 2616 6542 5204 5705 7182
4 3005 9927 8704 1304
27 8758 610 2123 6003 6786 3655 4088 6280 9370 5901 6480 4426 7365 5548 9442 6862 4874 8937 8721 4381 8732 6055 9643 8756 4284 5676 6019
7 8699 8736 4467 9462 5219 7990 7992
24 200 7965 1995 8370 2316 4171 1613 629 3418 8631 2261 1232 93 8343 5093 104 1647 8446 3395 930 9572 7653 3668 6143
19 533 2436 9137 41 7442 1319 4722 8476 6352 8092 597 9280 9437 8920 7845 4522 7034 2795 9909
16 7993 3200 3147 9886 8159 6054 1781 5228 931 7256 2630 2400 7218 2258 26 3000
28 474 1269 627 5440 9965 5086 7685 9707 6199 3196 7129 1883 5809 8239 2589 4232 689 1896 9879 4497 4477 1737 2328 9047 9826 9840 4697 9960
7 1593 6265 6695 8146 3693 5480 5653
26 9996 8406 4307 1757 3821 5598 3176 102 3334 6491 7810 9160 3907 9929 4835 7177 7047 6838 5725 2003 9414 6588 4672 8623 1576 3313
22 3739 6740 7569 2673 1256 1930 5954 812 6855 6996 8665 4055 4552 1807 7128 614 4963 6796 7721 9580 1092 6775
29 6410 7357 328 5235 9559 7612 921 3122 5425 8854 3798 199 7967 639 5167 1371 4613 6353 3962 2403 7893 6906 7354 2370 6318 5436 6007 5918 6631
26 1200 4225 2783 2512 3112 5766 1441 3414 8652 3453 8257 6848 2722 3459 2017 397 4727 3187 1933 9455 1183 3529 9494 2469 7898 7938
10 3197 4984 3603 7430 6706 3358 7337 6789 6229 3883
13 2015 9347 8489 4973 3138 8637 832 55 6850 8990 7668 6583 4492
20 5205 6418 2986 3616 3830 4511 9744 2207 9180 5860 7180 3316 6713 1709 4074 319 4964 9662 3320 9530
25 825 4742 8832 2566 8055 3047 830 2426 1994 4756 6670 6197 5503 2468 3163 1651 1058 9342 5288 4946 6211 5956 1383 9389 7242
14 7557 6607 8167 439 2464 2893 4003 2537 1264 4947 7570 4739 8632 2486
20 5282 9974 2465 1097 1984 5601 986 7118 1527 3542 7211 1997 7916 5014 6159 2332 6857 9795 5962 3560
18 5049 6239 9549 1170 896 9282 1511 4063 4068 3877 1245 5124 1320 6129 9017 429 3144 2448
24 1609 6710 6711 9670 6024 3629 4078 3430 2126 7663 1057 686 3323 1727 703 3895 3582 5258 3399 7132 469 8765 2277 9601
13 6031 9314 3188 823 2036 5602 3477 6902 4104 4636 2505 996 6517
11 6189 3375 7768 225 1986 1311 5554 1376 5889 4909 5046
14 2934 8787 1054 8059 8566 8529 91 6746 1710 5473 9186 3248 298 8230
14 7230 9625 3708 1236 9946 7213 8729 4513 2157 9269 9214 3734 2922 7133
10 8803 2784 3608 1814 5329 1321 5813 5490 605 5973
16 6139 4112 3758 4717 813 9236 1298 8056 7850 6140 2339 6107 7719 6194 5363 9885
19 3546 32 6922 956 4228 2577 8801 7574 501 6757 7799 1424 2281 1920 7551 2580 9366 3900 7621
14 7319 672 9349 8493 3116 346 4809 9535 8381 6594 9307 2094 5900 7192
15 423 8792 2883 568 892 2963 9409 2385 493 1595 1873 6642 6463 7359 6600
25 3294 8262 3281 2538 8559 5887 1845 9291 9477 3249 1589 8806 3839 8150 7812 5704 8437 6747 4655 3272 1187 7660 9644 7368 1653
9 1674 5727 5983 5062 312 4688 4252 6233 7450
11 8484 394 7499 4980 6206 3321 932 7624 8084 9119 3713
18 6879 2284 2033 256 827 520 8928 2565 7689 3852 167 844 3186 1044 559 2249 3126 4268
7 8784 9805 3647 5392 3387 1249 1052
14 6004 4794 1512 6718 3578 2533 8828 460 6876 5839 4905 2730 8352 6096
22 8435 519 3555 9306 3540 6048 3786 3958 9207 7889 1257 9830 5996 310 2088 9105 7431 8320 8751 2752 6955 8685
11 489 5654 9164 7471 1206 872 2583 4676 6637 5002 6976
13 7373 119 3544 8458 7174 1101 7364 494 1104 6138 8970 9666 2736
10 9078 7575 8394 9218 9667 1445 9010 9145 401 1035
8 8104 8071 1 5677 4702 9589 7670 4900
8 5948 6220 3855 513 8306 5098 3505 8633
10 3245 6123 5615 1465 5751 8128 210 6058 5237 3539
17 1866 1090 2060 9626 8671 1100 5746 2738 730 2657 4644 5141 291 7032 68 3671 2993
15 4507 1803 6793 6829 696 717 7082 8347 3800 9877 4357 1133 4752 9827 6417
6 9274 7196 9763 6325 9603 7432
15 3840 4601 4346 7710 9087 6026 554 3990 7284 9692 6535 9527 4518 2259 7767
21 3411 206 24 5025 8868 3276 3384 6985 1676 5593 6581 6056 1765 6034 2043 1126 5247 4897 5797 7831 535
26 8586 1869 4842 2838 8675 4056 4630 1970 1721 7873 5486 4884 9570 874 3757 7550 3680 5943 2405 673 3243 1581 8888 1643 3464 868
13 3398 7956 5771 1430 2352 2141 7383 1977 4533 6937 7740 6146 3705
23 5716 8219 2026 5516 6924 1745 8840 8973 8831 477 9950 3565 223 782 9322 6072 5129 6697 9755 9986 2182 5666 805
28 8102 8588 3426 3090 2711 5477 8379 2551 5400 9141 9871 2424 6888 7344 2122 3796 6370 3913 6075 7280 5594 3303 9423 1841 5591 5806 9791 8618
23 378 2828 1384 6698 248 5304 5998 8901 7614 5464 8334 5959 7656 4569 2387 4037 2716 8393 9659 3728 5930 1974 6477
13 7190 4502 3605 156 661 7901 7380 8800 2375 6858 8750 9012 3827
19 8310 6160 549 9925 5352 2124 8524 7411 6894 145 5822 3062 1278 236 6611 9431 5942 421 1185
13 6851 2651 5335 2742 6409 3146 6871 3044 7645 9632 3648 2942 2212
9 8878 6076 9011 175 2105 3901 6839 3785 5903
14 950 3564 9325 6119 3795 1215 9845 7931 918 8682 5444 7295 8862 4374
22 3976 6293 9503 3622 9497 415 8063 2776 7807 9510 1012 487 4330 5999 1856 600 1411 958 1329 1683 7978 2337
20 2881 3442 1363 9820 1494 9104 1222 3651 2937 9263 6930 1768 1629 1875 384 3864 1983 3002 4504 5561
23 9042 8085 4421 9610 6805 7224 4869 4331 7065 2959 6808 7516 2901 116 1331 7895 4934 1669 1971 6860 2120 2698 3324
11 3891 856 3362 6452 7072 9991 8627 2215 745 9470 4325
26 7934 6575 5189 381 718 9127 9151 5017 9968 4711 5700 4489 1750 5565 3919 4847 6763 500 2438 4322 2514 1617 4172 5325 6112 5647
13 3381 5858 2048 5882 2085 5297 367 5206 2825 9177 6046 5505 9721
20 9806 4661 4914 6381 942 6473 5847 7000 9179 816 7351 217 3374 7291 6787 2433 7748 9257 446 2090
21 375 7109 6141 241 9394 2556 4825 4279 2129 8748 4356 1918 8065 7452 3011 5328 7859 7518 1011 5474 3965
19 656 3148 2559 3816 4855 1620 9035 902 8207 315 2174 8025 1340 6925 9867 2590 5639 798 6610
15 3817 4028 8112 3170 8856 8367 4520 4853 6449 988 7096 8015 4199 8218 9600
14 187 6502 2520 4194 7243 6338 4233 5406 5955 8786 6476 2240 1143 3207
23 7438 9464 3732 9156 9628 3073 6885 4117 7278 396 9355 9963 7927 2947 2741 1017 3678 5925 6508 9911 6773 4015 5296
11 417 5295 1146 2744 2379 5378 7788 4945 7974 7828 7700
9 5717 2999 8642 9705 6182 9561 9449 9848 6960
18 7347 5603 6730 5210 9333 6308 3328 2205 5706 7890 3649 8318 2459 9973 9624 5897 1751 8654
8 7253 6645 9286 8194 8272 5689 9939 9287
20 8302 7692 4048 9089 2948 2037 7797 5013 9016 2095 38 3352 7225 9373 1648 2218 2456 7300 4553 7467
19 1773 1111 9654 6485 2275 2681 4352 5103 8531 7326 4025 4380 4183 4611 4896 7959 1903 1418 962
8 8184 7092 3057 4109 3133 1109 6956 476
31 7116 2696 7572 3364 1843 6652 4643 9262 9537 6392 993 8551 9205 8991 1275 1449 6648 2990 4334 9621 6363 3834 4814 1728 9204 9095 7144 6664 9773 9129 3523
9 4536 8728 3030 8088 712 5342 8043 7869 926
19 726 2869 284 6402 1010 7379 9636 3782 3345 4890 8841 9989 7541 8224 6236 9521 75 257 4996
19 208 9202 1557 5507 7988 4249 8263 7579 3748 8987 4899 2473 9098 503 2811 8313 2747 4728 6995
16 1625 7406 7690 1908 3513 8462 95 3596 1697 8731 897 2600 663 1392 8995 2887
21 4815 2578 8955 2686 6663 934 1013 6566 4758 5674 9983 6262 819 6427 158 5075 2195 6973 679 6158 5661
23 6570 9466 9511 8694 6677 7929 7208 2799 9813 8993 4970 2246 723 9337 6928 2849 9587 4745 9486 8076 6151 8221 2750
25 4657 511 7428 300 922 8575 9623 1580 6550 3490 4879 8296 5187 83 2076 1469 3145 7671 115 3568 8281 2612 7244 13 7437
9 6023 6132 772 9546 713 1778 389 1225 6136
28 7554 4704 1189 992 7445 8444 6657 2900 5990 7870 6059 9469 10 6192 6001 8034 6778 6604 5085 1964 3260 2422 4408 6411 3641 5687 430 8838
12 9068 3697 2006 1755 2132 239 9658 8077 4892 2099 8364 2363
11 1323 775 9947 3373 1221 8506 2270 7453 2354 8090 3850
23 4836 9166 6903 583 5069 8042 9319 9421 2470 5134 8603 5136 6712 9480 1162 6926 1832 8577 4102 8829 3179 3890 8046
12 4090 5868 4826 2695 2751 2209 5154 9933 509 6341 9428 2620
10 4017 9819 9452 4528 1940 4498 436 8151 6509 3478
13 9846 92 7263 5193 1799 7150 6659 9611 405 5870 4682 8788 8753
27 7494 753 3036 4328 8176 2982 6641 2927 3174 7762 5792 8293 152 3137 5793 359 5951 4999 8242 7022 4797 7026 540 898 78 1366 9067
16 7171 6965 9002 5182 7172 3722 2515 2039 9225 3650 9372 9732 3109 1400 8126 1813
28 615 9680 7188 8191 5234 842 1630 2781 9679 8373 6128 4046 7217 7802 9237 4871 7865 4903 767 2302 9529 1103 2331 4927 1152 4418 4971 9714
14 1040 9619 3778 5920 9992 8434 7108 1582 4956 7424 2679 8863 6573 9227
9 7114 1346 5628 9473 7613 6725 9365 3383 7059
23 8155 4255 7877 7915 2108 4031 9738 7792 2393 9778 1523 8591 7999 4776 3574 7363 2856 1985 2146 2162 9689 8929 2007
23 2981 9751 1223 1193 5620 3267 4555 7707 694 1328 1145 7273 8906 7966 6530 3102 2647 2985 5972 8515 3627 1909 2300
4 166 6971 6188 3202
14 3409 2973 8378 1386 8118 6098 8520 7984 4300 1453 1199 4549 6203 4329
27 6942 4713 4475 146 9712 7691 6029 3583 8324 9328 3938 3946 6970 841 4217 6162 8679 6108 1618 1234 9343 5418 8735 7074 9808 3059 1935
25 7134 1605 9842 4792 6523 5279 724 8193 7384 3038 278 3416 7726 8562 9453 8418 8702 5126 3561 7409 9200 6827 366 1290 6603
18 7816 4387 4863 5885 2390 2330 682 5622 9400 7856 2268 5186 363 9978 4412 1274 7577 5370
23 3585 1627 9345 9134 8328 3966 5881 6379 5818 2320 5829 2634 6669 3682 1432 9725 7939 9857 2812 8452 6145 3518 1682
15 6742 8157 4115 553 849 8521 4404 2935 2525 2665 1532 5307 288 941 4483
20 3435 4021 9138 3721 5433 475 4035 5188 2231 5862 4433 5610 2065 771 8649 3598 4738 6207 6911 54
11 8425 1835 1777 6329 8747 6884 6200 2272 7143 1459 3088
13 7040 1422 6745 1610 3803 4051 9518 1361 4943 4149 3327 1141 9756
17 5970 69 6101 6186 1475 5967 8376 6067 3584 5112 4224 1132 1907 2407 1941 546 3086
21 4034 159 5060 5678 2639 7493 4642 9838 7004 7085 5222 6620 4137 5133 1182 2997 9445 162 5805 5759 3367
12 655 3729 6006 8250 4096 6488 815 2654 9493 5609 7744 6087
18 8445 5686 6541 9303 7763 9804 2958 2602 7699 8010 5100 8579 4438 103 4769 5515 7052 7157
12 1863 4724 3203 6237 6012 39 8111 6845 6990 858 5057 1439
23 4882 5934 5218 5576 100 7846 4327 9133 8945 5777 4558 8298 9082 9928 8813 8254 9062 5379 3674 45 9415 9646 2669
10 7861 4207 419 2313 9255 6639 8698 8804 1220 4027
16 1550 9316 7864 6843 3239 3105 5853 8585 4245 320 1496 8601 9111 3673 8177 5969
12 9450 8338 8653 4208 8213 4585 7162 7903 355 1980 3524 5226
12 5713 422 6784 9341 2327 7193 6255 1852 7197 1597 9458 1880
10 7041 7709 1023 9708 9170 5115 16 598 7485 6917
8 3167 4873 212 9926 4525 499 9672 7773
11 435 4410 7555 1500 9044 3567 185 4541 5095 7402 432
7 7704 9313 1560 7477 3311 6208 1817
10 3029 9563 4958 1784 7207 802 7156 2234 8609 9954
22 1406 6172 5245 6574 1355 3811 596 2351 3930 7914 8003 7887 5993 414 4083 8223 9124 9797 8522 983 7382 8666
12 1227 873 9171 9809 6833 8843 8029 25 2804 7532 9028 6090
5 2305 1135 3959 1139 2130
16 8243 462 9761 2907 6519 7525 9800 7724 4718 1042 3532 11 8504 8383 5642 1018
25 4959 2675 6537 5695 560 3663 5933 9054 1201 8659 5525 7749 1498 5341 9386 9108 5843 228 7734 386 341 1544 8755 2069 2773
18 8040 633 3420 8979 8686 2020 2661 9696 4302 1685 7847 1281 202 6030 6357 8312 7782 3491
13 8274 957 1326 8737 1864 6248 9729 2802 6002 2383 9694 5780 9921
15 8412 2605 6340 3773 3793 4782 4318 5366 8339 1947 5221 2574 5420 6728 5979
20 8996 4981 9158 987 9000 9195 9194 5632 9299 4036 7254 2239 1382 5448 7835 4230 8305 5613 3408 2936
7 7837 4544 444 364 5470 393 790
12 8323 5287 2992 3531 8791 7686 2235 8768 8188 1628 1027 6521
22 4205 761 5012 342 6662 1700 3251 8798 9556 7750 808 2668 4016 5691 9285 4572 9683 5096 8389 5318 3787 6342
3 9109 3579 7948
27 9685 1160 6836 6739 147 665 599 2790 7287 5579 4394 2153 5479 8872 670 7549 2483 2340 4543 866 8005 8107 6460 7776 1312 4479 1633
13 4586 1105 5426 4546 5743 35 624 8121 6608 8922 6636 388 4301
13 5034 4139 172 380 4767 649 5161 1922 1795 6401 2683 51 1599
24 372 3270 617 5861 8309 9364 9481 3991 8266 9292 4443 9837 6312 4798 7260 7998 1769 6454 3822 3217 6432 6941 1487 3111
20 6809 7019 7512 5369 7209 7045 5698 4493 5872 3714 7125 6726 7495 7694 5947 5905 2050 6830 9615 3620
13 9505 9817 852 7077 5451 8917 9055 1071 2945 7672 9509 4448 8119
21 9557 2904 6877 266 7548 6752 1689 2250 9297 4645 4258 6033 9378 9456 558 450 1739 8142 7530 7079 7410
25 5711 2181 5285 7434 2967 660 3510 2989 865 3865 847 2850 1499 4527 5019 9908 8846 111 2022 6691 9942 3244 8132 2886 9766
15 3530 5782 893 3974 688 8284 9706 3813 4915 8208 940 6914 451 8839 495
10 1113 4895 7535 4196 3466 3292 6565 5094 1061 3749
20 5409 7398 1910 8956 7811 2304 6927 3083 6245 4560 5532 8692 2918 8977 5327 2733 5131 5570 4069 7742
3 1529 7250 7433
25 9564 5899 9144 2292 1729 6013 2782 122 886 2635 1937 4335 2688 6336 2810 4639 4480 8983 3195 555 6468 3280 8417 3892 3277
22 3875 1862 2245 7246 7595 7580 4495 1534 5184 9288 3210 6680 154 5430 9245 7447 440 6147 9656 1161 3255 2509
26 5866 2072 1601 2919 3366 5757 8486 6078 3222 6816 9774 7661 1996 4164 9565 4575 2570 7324 650 5216 3355 2013 5946 6881 5024 2487
23 4593 9737 1480 1271 4227 9641 7666 8547 9388 3072 1870 4044 8542 4512 4775 9594 7754 1762 6666 6015 3040 3273 4181
20 7576 3190 9128 66 8225 1693 8326 1008 5656 3894 2093 5194 6801 5475 2655 9501 1820 4457 5122 548
16 9702 8892 4788 6582 403 4141 2244 7829 8760 4060 6471 6376 467 5281 4339 9250
9 5465 1433 8413 3691 716 2190 3843 7971 2265
18 3735 9265 1884 8072 5540 9649 1747 9419 518 3841 2428 8969 9949 5178 9814 651 8641 8877
18 704 5437 3615 8505 4832 3117 4830 6382 7491 373 7063 5236 8780 8647 3256 9955 3929 2890
10 6526 2412 486 3957 5203 7781 8168 675 2449 8879
16 5300 6393 6562 3534 3754 3016 1286 907 3182 5180 7331 1463 7107 1068 8982 9451
20 8198 29 5241 8882 5808 8664 4781 6168 2315 5158 7528 9828 4084 3982 7841 5820 110 3214 9818 9533
20 2008 8940 6649 8075 6484 9272 5256 194 6085 7081 821 7179 2104 9593 6083 7178 9762 30 1468 1956
19 1208 867 7361 8530 399 9132 7360 2732 5171 7003 9240 4294 9861 4598 5787 5058 4216 4506 8201
23 3770 4247 1414 6818 2663 2710 928 6738 521 1711 687 7817 2472 1063 9812 4146 9697 4237 3283 9056 2821 2905 9350
19 9743 5377 8229 9485 7463 3169 6910 1045 2765 8294 2560 4486 5527 1117 413 2518 5762 7095 229
6 2453 8021 4872 7920 1177 9377
19 3779 8848 5359 7687 6173 6198 4689 9657 9026 7778 279 2447 6171 7875 7695 4201 5349 7538 9910
19 7255 7135 1491 348 9182 9238 6450 618 1455 7282 7665 5952 6043 9907 6886 4740 8871 3142 7522
10 4011 4004 3777 7582 8678 6037 3106 7427 7722 8304
18 7191 7561 3623 5679 1879 219 1767 5309 1761 4107 569 5151 8144 5146 281 1435 4925 6080
2 9483 1546
19 5712 7891 3669 4147 8261 6437 6563 1668 2236 880 684 1753 9802 3628 6028 5912 7151 9898 9336
8 7457 1381 5252 6899 9338 411 579 9005
21 799 843 6865 1587 9033 2899 5360 1493 6655 8695 7531 6469 9367 6184 1754 791 1025 594 6384 9399 60
2 1142 4887
5 4807 1407 4481 4709 5441
17 908 4664 646 715 2731 6708 3271 9718 505 8886 434 6157 362 3853 1928 2158 5248
20 8028 876 2444 8951 8932 4623 5929 9724 7564 5651 8807 9242 5061 2063 528 752 197 3932 1641 3613
14 7609 5250 3461 9512 8481 3368 1775 3194 8472 1442 1129 3535 9661 131
9 1944 607 6921 9881 4045 5584 2178 4858 773
12 245 3193 6161 5844 3645 5027 8645 7333 6235 1039 7529 1626
20 9526 507 1942 5172 7296 8440 1352 3136 8289 6554 6972 7199 4508 8810 6049 1074 4402 8282 566 8123
14 5783 8023 1637 2652 5386 8099 3667 5083 2640 3161 264 625 4364 1652
10 2797 6966 1102 7712 9823 5523 541 9651 23 2376
12 8713 8187 4867 7787 9617 4347 9015 7066 1345 4784 1791 6544
22 4223 5539 8629 9720 4966 7232 8783 1062 3065 6751 1297 332 4385 8325 3634 7652 7785 9905 787 1849 6795 2409
21 4260 2107 2543 7226 4843 4821 3340 2248 2497 8550 7455 1310 7868 5231 80 9979 1797 736 9371 9787 3246
18 3050 7103 1046 9981 8534 6602 8873 4359 2642 8961 6383 7200 5223 3677 5322 3113 6978 1472
18 9613 1369 164 76 6672 7912 5838 8431 5101 6904 6282 2485 7592 9040 8946 6482 5685 1705
19 4537 523 6729 1838 5001 5009 7770 4159 2042 3432 5763 2452 7777 4413 1811 7697 960 9271 1216
11 4656 6893 5902 3807 6633 4113 7843 9246 7684 9413 2463
16 6279 5213 7048 5405 6832 6920 643 7987 6692 7651 3315 5917 349 1703 6621 3388
18 4666 4677 9031 708 5892 2429 2670 9361 4629 3215 1124 7240 7545 602 9883 9438 7718 9608
11 2377 3291 7483 3917 201 1812 7832 9253 8087 7404 295
24 2930 7628 2442 9595 7323 6579 2167 1443 8189 1033 2081 6385 5310 6077 4975 3183 6421 1793 1786 1890 4993 5876 2623 3021
9 5263 3394 138 3230 9760 2692 3920 8508 4432
9 7309 7840 6121 9192 8830 4317 2550 82 7751
23 1564 9226 2260 3482 3921 4628 2319 8960 8564 5074 1911 2542 7387 2708 42 9798 2149 4456 1607 8859 140 5364 3858
15 8346 9752 2171 4200 3640 448 6263 6513 4369 1181 4932 8511 2932 3363 8047
10 9920 5663 6377 9231 9767 3019 1906 7416 3558 9637
8 6749 3393 9463 5764 582 5340 4736 1064
10 1723 2952 4206 374 3205 8968 7436 4578 9782 9309
19 5799 2523 9030 7366 4066 9784 1733 2596 3211 2111 5992 3353 8600 4647 2807 7584 255 8561 1356
12 9362 9433 1324 5957 6772 826 2924 6156 52 2837 235 7025
6 6842 3859 2074 9436 8821 1855
12 6333 9586 8620 3940 7643 2343 6945 5246 8341 289 262 418
6 3993 6580 6356 1194 2177 5084
20 4877 7941 8035 7900 1655 6989 6716 3139 1224 2632 5106 6134 2524 3831 8356 9076 4316 9676 8523 1740
15 1332 506 1176 1634 3377 6873 2498 8842 2557 1917 6219 1370 6486 5164 5067
18 1568 739 1251 4986 9376 8624 5582 3689 9588 9502 9157 1792 637 755 9220 3872 3099 526
18 2061 8869 6967 3746 2079 3606 4594 6638 183 4852 8348 6951 2562 5153 6435 454 5812 8113
3 9815 1067 7376
2 2954 4796
19 8640 8774 5816 2867 1309 1521 1211 8182 1716 4314 5708 889 8643 5556 6286 6027 2842 4222 3288
11 196 1800 9100 5567 4423 6540 884 334 1401 4856 835
13 5888 5662 3157 7808 6615 5710 230 6251 34 5810 1464 806 7760
16 4072 6762 8421 1429 2613 3474 6975 862 3404 9093 2092 7500 2336 9966 8663 7600
20 5557 9513 9191 8033 9114 1796 2386 4906 2214 3805 9310 4166 6082 1678 6092 3600 3998 2728 5148 5828
2 6538 2573
13 6969 9836 2928 2548 2829 2077 1981 3751 5452 1853 3472 4110 9515
19 9478 711 7701 9790 5495 658 6734 659 3299 2712 7330 6472 2994 2970 6373 7484 9895 6545 3825
11 7372 1364 8799 7602 4111 9640 1695 3635 5986 3878 5254
24 4907 4888 9045 5457 1048 4787 6821 7867 5076 2451 387 8475 3499 3707 8474 547 4765 9468 6781 8180 7517 1205 9700 7625
10 2399 7119 2366 9912 9418 2005 5431 9210 3804 79
12 6825 3904 7401 2180 2737 6625 1513 5562 1238 6257 8372 207
14 4070 2058 8759 2378 4721 2965 5413 6779 2719 7822 6568 6423 1128 2908
19 8485 2975 6946 833 457 8143 2682 5268 3006 1151 7547 5338 7644 810 1925 5257 327 2010 220
16 3986 2972 8007 3970 7679 1325 5168 2646 4638 7786 1926 9660 1007 944 1483 7393
20 128 5907 354 3685 3233 7389 3470 8470 1451 586 8415 9647 1308 6590 2388 8500 2396 5800 129 7239
12 8062 5994 9576 7316 8212 6674 442 6137 1854 9021 9862 8994
18 8864 5289 6218 674 2857 6963 9101 6061 3429 2068 2841 6497 7142 7279 2283 619 8619 6665
21 780 3566 4353 6125 193 2601 4170 5626 6008 7274 693 6036 9422 3309 6406 4995 2624 4287 1259 4320 644
21 2216 5070 8823 7342 9397 6977 120 1876 3873 7608 7006 3331 3247 3592 8757 9318 1166 4265 4680 8083 5493
21 5466 3646 9897 3104 6196 2241 9496 8273 7958 155 3382 6254 8494 8399 9758 4514 5326 2545 8369 2608 1562
15 3475 3775 2402 8038 4344 6155 2142 1690 3933 237 9001 261 7925 5577 1190
6 2082 8395 4119 8605 3903 2868
5 5201 4195 1024 3696 4476
14 6426 4130 2338 601 9112 979 4786 4415 1780 7664 6386 595 6614 5891
22 2233 8667 5208 3866 5699 5262 6764 1804 9832 2713 5042 2023 2303 909 3937 8052 1184 8050 574 6175 4390 1594
7 1734 779 15 5769 4006 1706 9184
19 3425 7381 4654 3123 720 6042 3547 5343 7727 3392 1389 1334 8986 6310 9936 3093 8966 1526 322
15 9038 5212 5879 6165 6982 7502 4173 7949 96 4625 3506 8764 6328 6130 1140
5 1276 2415 2910 3760 6644
26 8073 8644 7882 1774 8984 3952 458 6398 4250 8650 9188 215 1485 3874 8651 4169 6852 8479 5128 2833 2637 5673 781 132 1156 6439
19 6201 4099 3278 1756 8419 1516 1603 3177 7339 9085 46 63 1482 8608 7514 3192 5560 4751 1408
15 4705 3740 6493 98 9219 5082 9270 5382 6743 1724 5963 8852 6531 9006 3638
19 3326 7490 7647 8693 1861 2913 8763 7091 5733 4597 9919 2435 5283 6791 1877 8006 9369 6701 8053
7 1399 9997 9266 6489 6086 571 3679
24 9684 5500 9276 1412 3601 3462 7140 1078 5958 7417 6415 8662 339 4152 1719 7852 4780 1391 5789 6635 9596 6878 4079 7519
3 7515 7764 6190
24 8595 8816 6815 3885 8715 3989 1667 4264 6803 9425 4587 2417 1457 4954 9863 7963 1606 1049 5209 5869 9446 4288 8405 995
11 8192 7815 33 2703 4403 7981 2046 1661 5774 1698 9849
9 7075 7947 1073 4684 4434 5927 9427 5773 1713
21 864 1949 3119 8615 3666 1005 2021 6414 8909 8687 6707 9822 5830 5165 6754 6599 2034 7806 5388 631 2251
20 8420 47 6587 3469 3314 7794 4209 4125 2762 5050 8779 2526 7982 789 6564 609 2372 7955 8541 706
16 6987 7422 2467 7064 4136 6413 481 6297 7796 2478 539 5940 8041 9783 2855 3028
10 4652 9620 7876 9487 463 2187 9923 1592 636 5968
19 4285 7654 461 9284 3487 3999 4876 4038 4521 2256 4398 2012 9730 9855 8836 6653 7639 9664 8722
19 3463 9631 4058 8492 8691 7167 6478 9583 9982 8037 2798 4519 1059 2423 4991 9953 9616 9555 4124
20 9847 8766 990 7874 8826 3160 7080 282 5690 9153 1538 3515 5197 5320 5022 5989 3716 6522 3741 3931
19 671 1738 4939 6864 6597 6319 1119 2769 3909 5681 6510 3419 3995 6577 1748 447 796 8556 2321
21 6571 5417 529 1294 7629 8796 1672 9327 3351 3575 3209 2674 3258 4562 404 6204 974 9746 1654 488 7042
18 8447 4953 5794 7894 1106 1598 991 1421 5648 9036 4743 861 5345 5752 8295 1379 1760 9454
11 1831 3199 7513 2916 8314 5635 5914 3330 5401 3687 5669
20 3403 1282 5756 292 1518 2198 8438 8233 9944 3191 9892 1916 4391 1099 8387 3304 2879 1514 6351 5631
19 4002 8401 280 2 9023 4441 1502 8926 9420 4198 1959 5321 2344 5667 2894 5623 3488 3229 231
2 2053 4023
24 2382 6498 7245 4866 4605 3370 2622 4696 7594 3862 8988 9424 1316 7960 4845 4304 5079 4030 3091 3268 3604 8724 8202 8971
19 4749 2220 7823 8277 6122 6268 9335 7220 5909 9479 4131 77 2001 4534 4126 1148 4626 7303 5412
10 1415 1771 6120 2115 4663 6741 3262 9444 4397 6753
16 6909 1299 3149 1489 6799 8173 7556 6552 4278 3085 4582 94 4368 9142 9149 6018
19 4583 7078 697 7334 272 9554 3961 4276 7474 3738 4371 2891 2434 8064 4465 4567 3609 4926 3125
19 6907 3396 4854 6983 774 2374 7683 3968 4472 5421 4621 2789 2474 3015 3162 5923 6266 395 7459
9 3512 5815 4128 1871 4561 997 887 3808 7581
19 2885 9139 2121 4029 250 6272 9080 6264 7521 1749 1802 7717 7165 3923 7818 274 8461 504 4755
22 6021 4496 8477 7922 3451 4658 4221 3354 178 4299 8248 4313 9727 407 3695 804 1287 6592 1467 8714 5819 4662
20 951 4940 4720 8767 8407 4014 1860 7587 5005 7062 6369 4505 6106 3348 8186 4610 1292 3769 5728 9999
19 935 2335 9382 5837 1186 3454 4085 7849 260 4033 5099 7067 1130 1413 9585 654 7642 5811 9099
12 7267 5971 382 4930 1471 2793 1989 2364 3389 8849 1736 9569
15 6961 2455 5143 9779 2846 7793 2401 9866 2398 2052 6094 7071 4627 3577 7482
4 1252 6548 728 4469
1 5982
7 2288 7258 491 8602 4808 3407 8278
14 3925 3753 4024 2715 8200 2306 2295 2365 5365 8354 4231 5657 4606 3633
9 5566 8546 9019 3227 7332 778 9323 5964 4886
19 709 6529 1584 254 2291 5120 4635 1428 8958 4148 17 347 8391 4859 4731 9560 6867 2267 6889
23 9633 3947 4293 9187 2439 9474 5537 863 5292 5166 453 4800 6395 2792 9293 2369 5612 3151 2734 2725 3344 6500 247
12 9283 9671 498 6678 4244 7698 4362 9519 2193 5462 6335 1131
8 4062 2482 6515 9750 9332 3497 1788 1718
6 8134 150 3317 3225 4275 4779
17 949 2355 8079 459 9508 6722 6298 6593 6980 369 7634 1818 7031 7400 8442 7408 6520
18 8827 6503 7567 6512 8761 9652 8081 9899 5670 5487 727 9197 4161 5768 1826 1798 3690 1615
18 4274 6474 3783 3424 1524 249 7635 4902 9113 9235 8400 1675 5185 6301 420 4236 8707 6365
6 1110 4924 2599 7176 9252 6063
7 4703 3772 7779 4052 3301 6445 3184
20 3851 9321 4944 9785 9224 318 7153 8116 2527 4618 4254 9715 2775 9169 7896 7084 4267 2197 6295 9198
23 1330 2397 9106 947 8094 85 6422 433 2062 7090 7746 8416 6733 9777 5898 7736 885 9793 5630 9308 5051 4813 6624
22 2969 9574 6896 402 8628 2614 8101 9548 4470 4351 9491 5526 6095 2685 4837 2460 8781 5419 9674 3415 8336 6300
18 3802 7341 4744 6908 8583 668 1541 4263 8353 121 4524 2087 1096 4427 8398 8567 7888 8762
18 4087 6451 572 7440 4992 7272 7637 4440 8584 7016 9607 7780 2723 6396 3423 5924 705 4022
11 7650 6181 4135 8335 8241 5330 3906 8483 8114 1623 6465
23 9209 1041 6407 9734 1255 9889 5323 2874 4452 8030 8360 9904 7443 1567 7486 3554 8491 3143 5109 3642 6959 3662 3238
18 2089 2206 3699 1955 8093 9183 3213 4039 9704 2884 2150 3823 1904 9843 238 6696 4844 1642
16 5709 5684 7301 353 1551 3593 2768 5484 5145 3201 4454 8060 53 3385 613 6441
3 1844 3809 6470
3 2791 5875 7110
7 2568 8820 3436 2230 4838 4118 9642
8 4990 580 2898 9346 6684 5316 2454 1009
9 9987 1047 5393 3049 1396 9687 6284 1094 6834
13 6898 3710 1967 3053 5123 4770 2279 1717 4762 3308 5271 7908 8253
15 409 527 1121 7682 7627 7037 7425 4547 7488 6017 2925 314 9958 2342 3733
8 9052 8020 916 683 8903 3360 9077 2528
21 5569 1081 8285 3108 8548 4686 3232 3164 5921 4106 1069 6174 2137 8045 4061 7345 1506 2035 8526 1093 5311
5 2000 8918 9190 3433 2346
3 8300 5043 2758
19 6699 4008 1470 9229 7322 1065 4409 5303 7945 2440 8754 5276 1490 7170 937 6057 3039 5978 5390
17 3009 6771 6567 6131 6556 3212 514 7327 5097 3152 4960 5488 2588 3597 1847 2593 2491
17 4515 5730 2395 4566 2771 5023 5715 839 9408 9575 4461 3075 8904 5550 4442 5683 8726
10 7043 5472 9859 233 101 2701 8404 5302 4911 4140
5 5308 3765 2314 7732 3936
8 3621 3077 161 5514 9629 275 8127 8824
14 9810 9072 232 9039 5802 5004 5196 2801 912 4548 2131 1419 1764 784
