87 6428 719 3766 3145 8724 6257 436 9791 5195 6890 5965 61 8624 2506 7116 3164 3036 515 1042 5201 1344 760 674 7927 3100 4938 4831 4370 4363 313 7336 5412 5964 8892 3174 5411 4215 3926 8115 231 5800 3063 559 2060 7172 5505 8242 3567 211 5422 744 5038 2118 8444 4439 3600 8473 6372 7599 1077 1388 9682 1658 543 9789 316 5234 8302 1716 9082 2533 3938 5196 1939 240 8750 3168 7900 3161 2371 9650 5551 8443 3159 283 7911 2288
5 45 2584 9601 2996 1512
87 9475 4182 1660 2847 6062 553 4951 9747 5721 7042 3679 4279 540 7279 9190 1178 3757 3292 9489 7016 2018 466 5010 6215 8914 252 1326 2788 2028 8213 4774 1395 3434 4914 8507 8435 6388 4294 805 1936 1146 5426 9421 2287 2949 1057 3574 3928 8758 2113 8866 3329 6792 1286 9920 6314 742 1335 2750 1026 6401 9265 7904 7250 8474 9652 7252 1005 6659 9523 3111 1834 3354 4291 3406 4981 3207 2041 3758 2467 3872 1001 2007 8114 9204 85 4087
97 6198 295 8090 4469 9194 4349 4246 2795 8125 8399 915 8969 4068 747 5115 2305 2042 5483 3373 6563 5148 5066 2701 1969 791 6452 8834 1342 5875 7356 8377 2142 9554 3156 7703 7401 3565 4062 9842 7522 7753 4988 6999 5000 1742 2720 7990 832 4749 5048 1914 4157 2032 713 9666 86 2979 6323 1828 618 3740 1789 6326 444 5617 9266 9896 5927 1591 9521 2871 7535 2455 8863 7274 9479 7600 3542 4326 6317 8788 1281 6408 8695 2505 2706 2385 9927 501 9293 5618 6320 2556 7568 711 7887 9478
86 8103 1711 4616 7382 9718 523 8654 8971 6640 5113 6475 4099 3903 5534 2860 5181 7790 3275 908 4096 8006 8913 5433 3486 3556 7541 794 9324 1549 7390 2415 8794 7727 9110 7082 7771 1460 258 7554 510 7846 2977 9233 8066 125 2730 8601 1137 6448 1598 7212 9630 4125 6353 4946 4493 6045 8643 6789 5616 5111 6934 5866 469 5753 1202 9631 4267 1527 5728 8955 4360 181 509 8559 8164 127 617 9003 5774 3008 6842 4708 5851 8887 694
57 6599 5254 3590 8039 4922 8590 8386 8870 498 1139 3694 3278 7323 8053 2323 7485 5542 5714 971 4313 6676 7347 9892 9172 927 4589 4194 8042 5339 3294 7567 9061 4409 6579 7619 8690 7074 2250 8777 4905 4020 5813 8516 3796 5526 2008 8105 8353 6332 4791 3381 3580 7422 5284 5644 3952 722
76 156 7138 9180 6197 8561 3240 6152 3693 2954 271 9522 1590 1822 9129 4249 4200 5868 6481 7176 1133 3783 7691 745 8478 5556 1167 8518 3500 789 4736 9889 5366 7472 1104 9529 4657 6651 8347 5249 7560 3124 331 3849 1952 5817 7077 580 9060 57 1054 611 6350 8221 193 9169 7248 3184 6039 3615 4372 7624 2665 3485 7067 4206 6458 959 7293 2102 7263 5922 7465 2784 7073 7019 692
76 6440 2446 1579 5500 6791 5326 5944 1691 9361 5529 108 6928 7864 968 8906 4476 3380 5945 7721 7842 7327 5580 402 5742 2574 4341 5822 3683 9910 4374 5963 8769 116 9655 7989 7701 3495 4373 4080 4113 2714 3927 5187 8029 8837 1950 2660 4035 1702 4023 8303 1733 3012 8340 7945 9373 3862 723 2588 8763 632 5408 7457 7517 251 7050 9030 2357 7029 4643 3305 5178 8683 7348 5486 647
82 1566 1574 4661 7760 377 2086 2049 2166 9678 220 9504 8756 91 2762 7489 5163 2310 1802 9327 9153 6097 4095 1683 203 9720 1158 7195 9862 7928 2397 3975 7941 2878 2833 5306 5122 382 2010 8787 8597 5268 8860 4819 5958 6758 9103 538 4404 9626 2723 8868 3466 8795 6383 1065 5979 1949 2196 6116 366 2377 5358 9608 5305 2025 1337 3729 5294 7604 1958 7280 9912 2523 2716 3404 4512 7362 2561 8479 7886 5638 1154
1 8450
81 6261 3709 4574 2864 8432 1956 1531 6754 5377 9632 6925 6275 1776 3391 2358 9963 6464 8178 9989 5170 4642 3934 1485 8876 1555 6276 7651 413 995 161 521 8294 9677 1747 8035 2465 9464 6406 4161 1968 4226 1353 5540 3137 3470 5485 7737 4406 4103 4010 7848 3754 3244 9701 9195 3967 2458 3282 5625 8091 9048 2356 317 5088 9569 880 6799 1997 1978 1237 8219 6415 4517 8165 166 6823 8548 6810 4605 3107 531
4 4467 6507 1641 1377
89 2822 3155 6638 5325 1573 9538 7222 3128 2152 810 6664 3618 3324 7449 8841 4046 434 6922 7603 5896 2221 5522 2057 2840 7299 4298 6359 9648 9437 1882 9457 6535 1871 8238 8603 6860 9376 1233 4460 9500 7352 9979 4687 5694 2355 5830 3798 1262 3893 751 6692 7102 2015 3287 6644 9209 6302 2972 8425 247 2029 5980 6307 9946 4159 3017 2081 4245 5264 8382 1153 2529 8127 7139 3066 9342 737 5536 882 3120 7861 5257 7654 655 8631 7775 2659 4171 5517
3 5876 333 2600
99 9151 8544 2265 2146 5147 6668 5467 8657 687 7183 1909 2012 4006 5516 3462 9123 5226 7845 9322 171 9773 1760 9329 7239 6099 9745 9795 484 3745 7111 2179 4931 8483 6329 51 2230 6069 991 1708 3431 4047 9857 6813 2705 9216 7247 8482 4713 8255 32 2666 8762 1530 2324 1783 6432 3343 2697 3013 6877 3596 4847 8396 3419 8571 9867 3248 5572 6140 9965 8048 8930 1696 8173 9840 3572 5217 9063 2336 2978 2302 5232 4664 4367 8845 7164 480 5650 6798 2268 4552 8236 953 7903 2530 2296 7641 5738 592
85 9738 1826 2672 9890 2156 6557 8504 6595 854 8919 7982 2971 5668 1964 8193 5244 9719 397 5058 5167 6112 4478 3480 2194 6473 1602 431 135 5474 7815 715 3494 4375 5018 1003 2316 5108 2235 9694 7973 5994 7702 5972 5752 3389 5646 4112 2951 2432 2692 7733 8319 9587 2174 1366 2271 2045 7963 3445 5676 4220 4675 1072 6733 8635 5319 2566 9819 464 3493 105 2498 1765 3710 2942 4346 9398 4827 4775 6038 9404 4821 8909 2103 9895
89 1134 1048 8709 2765 6488 9117 4259 7695 2418 4769 7244 2140 3612 3954 404 3898 1985 7980 1787 8293 9494 385 7872 4472 3520 1657 6793 4880 3802 5301 7455 7415 4679 3742 6033 881 7863 384 2610 2124 9466 2121 5691 3321 9279 4578 5135 2981 7199 7924 5565 7758 9047 5648 2485 5242 5419 5340 1652 8973 2650 3788 4269 1234 9541 890 4816 8102 7169 8962 6209 1869 3352 9766 1576 7616 8637 3959 5215 4913 4352 2516 4257 578 5029 4419 6537 9799 5987
87 8033 9191 4523 8097 9215 724 750 8472 2202 2554 8952 5886 5881 7481 9286 9120 8530 2815 2664 4933 5726 6016 7668 4076 9467 6244 150 2853 9393 4444 3130 8728 1218 4124 2011 6862 7213 1630 5488 6612 1544 7532 7623 3446 9177 4276 9595 6743 4676 6565 2108 1088 7218 4118 3824 5123 9706 7093 4357 4016 1803 4663 3736 8069 2002 5576 2317 5437 963 1318 5776 8510 88 2405 1728 8146 2170 9045 4954 1369 9358 9188 825 4037 4184 4916 6090
97 2234 9371 8085 1942 9589 1468 5771 9635 4169 6699 1772 9966 3762 9076 2841 309 4408 3755 4495 2346 216 6643 9565 8897 2744 435 3821 9660 409 5293 2722 2955 2243 8391 1622 3986 4153 6648 1880 2897 123 8722 4601 6137 9501 3568 5152 8348 3401 6072 5356 8190 1536 418 7912 2231 8461 1781 1973 8116 7410 1265 9345 3718 9911 6270 1394 5271 1384 7530 5995 6455 9691 8716 3483 6273 9181 1479 3098 2261 4877 7788 3993 5586 4872 8011 7817 7371 5489 1991 3901 3472 2267 277 2217 8694 7796
88 835 6885 746 601 8579 3452 6796 9756 8400 6258 8464 4777 3744 7177 6348 4867 3118 7870 2838 5353 1340 4809 6615 8076 5878 4457 8904 5568 5508 5904 6210 2260 7188 9855 4906 8604 916 8426 5839 8675 337 1392 5299 3853 6802 830 4557 762 5236 4706 4787 326 9518 7041 5697 6896 6984 1090 6641 1513 6805 3726 9146 2089 7445 8922 5184 3478 4255 3848 2926 6324 6833 7746 2094 9947 3607 9991 9869 9094 9829 8151 4923 1653 6806 1508 7207 7264
2 9670 7643
93 1959 4119 8551 3581 4796 5967 3534 8286 9787 6655 2399 2940 1809 2640 3295 3907 9515 2201 7715 221 5499 2622 164 2748 7840 3604 5053 739 6584 4055 1118 8655 5382 4833 8153 2474 7068 4284 6378 4402 3705 7025 8925 3377 7948 5716 6338 3692 2125 9312 9098 5642 7206 2945 9046 2792 755 5498 3056 8495 9480 9676 992 3337 3077 4285 1357 3206 3526 6592 7452 6254 9167 312 4038 814 1470 1119 2571 9894 1446 9723 1916 7470 6189 824 3857 1690 6843 9343 124 4915 2436
2 1179 3831
90 2995 8424 654 1753 9360 9887 3628 6578 8415 9951 2005 7219 9933 8885 9052 4607 2930 9484 8701 1740 5224 8924 8564 8609 7988 4395 7768 3558 2158 4117 9808 8638 1532 7304 6412 2509 6705 199 1548 6238 1214 5766 6367 5259 9792 1223 5606 4851 9359 1894 984 7271 2034 7898 6940 5493 6725 7210 2420 5799 976 1084 6558 6023 5563 8301 8181 3924 3593 2575 4342 3578 5180 5571 2491 8520 7119 2976 9208 426 9778 3451 6028 9452 1323 9018 2668 6055 9982 4131
2 7678 306
2 3039 7674
84 187 3660 8220 1386 5233 159 8447 5653 8797 5815 5109 4560 1390 3671 8266 7488 682 1487 7464 5228 8264 7316 7869 7580 3508 7328 4440 6997 8437 2825 567 1489 9278 1483 339 5450 7112 8140 2845 7075 3211 1439 4934 6492 8773 4244 3359 302 325 2227 5186 6417 8367 4911 4604 6604 5194 5338 5893 2733 8729 5381 9348 3996 7354 4222 2393 7711 4381 7991 2093 638 497 6673 9071 7965 561 7805 4364 6121 2678 9770 4659 3232
87 5266 102 5777 957 7175 7494 1734 554 9075 6093 7358 5472 5632 4442 2239 5005 2212 1659 4304 1300 1689 8679 2238 9975 743 9149 565 9274 1269 1849 7503 7032 6354 5998 39 8721 3360 3246 1091 6908 1294 965 1517 169 8031 9564 2130 6180 3043 1346 9624 5692 1216 7964 6685 246 3761 28 7 5743 5364 4849 4810 4729 1110 7224 2284 6702 25 5677 9277 6761 1981 2567 2703 5950 8953 7261 5609 3024 1136 7066 2386 7655 4690 7260 3810
2 9053 9159
2 2734 1999
82 2717 8946 4077 3265 1030 6671 7787 5973 3260 5134 1675 3763 7084 2141 2752 2555 8714 1575 3836 555 3225 2782 8968 6446 107 3299 1306 6300 9949 7597 1317 9363 2097 4431 6574 1168 8284 5701 6976 9300 3303 3778 6272 6945 8883 7276 1706 5373 8990 9830 1047 2245 3805 6315 6288 2690 7141 6827 5078 9512 7160 2958 6107 7193 6825 4283 1481 9623 823 1112 1878 7524 4450 3588 8736 7508 6532 439 3583 8582 8385 519
93 7849 9168 3815 8546 8545 8364 4878 5952 5475 2069 1021 2512 7894 9219 4926 3696 7147 7144 8072 4639 3242 9407 851 6389 8423 7163 4640 4325 5843 1301 5028 8330 9839 7275 7108 636 2389 2852 8512 7118 4986 8842 8436 4448 4128 3514 6696 2508 6968 9264 3650 6306 263 6850 5287 5884 2447 7292 9671 2270 285 490 7684 6863 8331 2208 347 488 727 9275 921 6477 8408 1018 8622 2434 1995 5702 6838 1812 4615 4228 1820 9423 3664 2273 1184 5050 8240 7178 7996 7899 3399
88 2603 3016 526 1204 3025 7030 4166 7015 5966 7979 1983 7335 8120 3064 6983 1505 462 9520 9629 5360 8257 1521 2673 9599 6866 6409 1127 7916 2303 6740 4641 2511 3989 8511 5413 2547 7071 8878 545 9092 7838 6882 6206 7157 2354 4218 2413 1452 2114 866 7725 9344 7033 7126 2193 2475 8982 112 8519 7129 1033 5672 4868 9929 1291 2272 1426 8161 7241 6285 6529 7874 1332 3933 7920 8557 8748 3133 7933 4426 6489 4999 4721 2046 1594 1626 5261 3708
77 2150 1813 395 7179 2906 9640 3009 7180 7621 3443 941 9184 7675 9059 3882 7993 9006 597 7784 5189 7942 9545 7423 6460 3817 9372 6115 2033 7388 7809 1879 831 1667 30 8550 7018 8908 9400 635 7750 4438 7365 3884 1640 7133 3539 4879 774 7366 7685 8612 2628 433 7266 7092 2476 5872 2392 607 8393 7228 9886 5402 4459 9805 6013 6503 6041 4947 1655 951 5736 950 7537 2016 2504 9914
4 2921 7080 3860 6897
3 9058 9049 7914
3 6430 6808 7324
87 1434 3922 6190 8121 7720 7793 256 7581 2003 9817 7416 5460 1448 9761 9777 1165 4302 1198 1009 4566 7880 1541 2679 6559 7931 5425 6606 2068 9368 8191 8552 2923 5689 3241 3695 9845 5761 8864 628 2546 6706 5519 2326 6786 9292 8764 7546 101 3204 8133 9553 324 5554 9017 7350 1563 19 657 4781 7786 6297 6067 5004 7469 1155 8344 5932 5873 7512 5286 8576 7583 8032 6577 3936 6932 5276 5280 8784 3957 2213 9995 1954 2157 3048 7534 9212
81 7318 7782 5062 2414 3704 3247 1060 9913 1339 227 1067 2263 6117 6756 2479 1758 357 6005 8697 8766 4567 9302 5619 33 8532 800 1194 2624 4785 8013 1226 1228 5699 6310 9490 412 1406 4011 2683 7586 8124 4277 3437 6453 9483 1456 1736 4740 5001 5825 6249 6853 3433 9985 1252 8703 4711 6568 3793 2486 7862 6109 7339 1628 9948 2383 1454 9557 5386 731 5747 2848 2999 340 2291 1150 4866 6663 6135 7215 969
89 2870 577 3236 5955 8948 5532 8227 4996 5476 7060 1442 4186 5308 294 785 2519 1994 147 9961 2770 6036 6057 5396 6874 8812 1895 437 219 1676 1082 6188 2513 83 5329 4028 6954 4892 8659 9179 5974 924 4546 2428 9256 3175 895 7265 4332 66 5827 8599 6518 7236 3068 1240 912 6695 1058 6469 3751 5099 7571 9926 3270 7736 8359 2579 5824 1447 2612 735 2732 2360 6077 7453 2721 262 8846 843 3311 8682 6776 2380 9161 8768 1315 977 6625 582
95 3448 1572 804 3832 3104 5388 811 4568 7402 191 7331 6936 1278 3417 3050 9907 2873 2279 8594 8176 590 3090 4487 2613 9990 7483 5802 3532 1020 9973 7816 4818 1825 5124 6814 5661 1695 6581 2606 6386 3136 198 2534 1482 2671 7587 6100 6540 7124 6594 7700 6170 7221 2292 595 9534 9156 3473 5060 7208 2460 8800 6247 6132 3029 9493 7913 1362 3087 4971 4484 298 8388 4336 3163 5017 5996 2927 3930 717 1393 860 7741 8228 8317 4422 7474 2620 6639 8167 5836 1099 5065 4964 6627
92 2368 9861 3611 9688 1424 9460 1712 3471 4481 276 7922 1614 2145 7579 5940 6718 9258 3238 8681 4183 9955 3205 9272 7227 3904 6854 2289 7680 4483 6515 1207 1011 4130 3058 6927 2643 8691 5162 7620 603 782 729 9959 8630 6426 4120 2151 9616 6841 8175 2658 3814 5239 1225 8847 5331 2299 1720 7064 8198 6736 1400 97 8380 9639 6144 6642 1514 4569 6774 2437 826 8818 2953 6832 7730 4271 5110 3717 7858 891 8658 9164 4998 5698 1211 966 9697 6173 1993 9700 6575
83 2635 3873 8502 816 626 5149 8927 8850 5898 2933 4535 7744 1152 4126 4286 8966 9874 6262 163 2439 9055 2644 9315 5850 8001 5105 5570 8262 6567 1519 6715 9919 5592 9012 7525 6454 6098 3121 2842 799 3010 3269 5330 4199 7953 9796 1416 5737 6111 8498 5531 4482 5957 6110 7225 2022 7582 4899 4606 6019 5961 5172 7902 2374 3154 2340 4733 8802 4369 2885 6709 8100 3779 5256 2067 8374 1678 870 6264 9724 1185 1921 7456
84 2922 9714 9340 5262 9692 286 8406 49 487 5669 9019 6459 60 2353 6444 2768 1604 5478 3573 3997 7866 6817 4454 4044 8004 3784 8289 3774 3144 391 2629 5647 868 3603 7645 2188 3454 334 7429 6018 5579 3629 5367 5993 9672 5132 2615 6418 3026 270 5214 1382 3400 9323 3319 9717 6946 536 2133 4056 6964 9597 9009 4208 4234 767 9210 3309 9377 186 2884 2427 3351 4407 1396 4995 12 5491 7553 1027 8514 9109 5561 7559
86 5371 9321 3363 9543 3210 1035 1348 1556 6778 4458 1520 5696 906 6237 3623 4655 2775 8526 2298 8494 8365 3489 9986 3429 7755 8627 6160 7765 9818 5603 9173 4064 4290 7766 67 609 9043 3368 2056 6836 7114 5067 6175 3674 5978 9197 1606 4737 7630 3820 6466 7813 6124 4609 7079 5655 7357 8056 8138 8208 5087 562 5321 7548 3509 6391 542 3613 9108 9450 3424 7505 5615 1815 7121 1474 196 2749 2959 5543 2915 7123 5717 5418 1397 7502
75 5959 4935 8595 9561 1038 6214 2874 5794 5153 6032 3844 8234 7482 2352 2053 5368 1547 8201 7467 7915 7369 4545 4003 8680 2132 6344 2558 4040 3330 6171 7466 1557 2178 4873 9750 8536 1303 5118 5874 4378 6223 2111 5081 650 2886 2754 8537 6232 5605 9566 6870 3935 4626 6126 1699 3655 7998 3706 3112 8174 8555 4984 2776 3289 5667 6161 3826 4881 7747 4871 9481 4539 3143 973 9604
87 6056 7653 6603 9764 1846 6347 4060 7569 7251 736 1051 5298 2430 4784 375 2137 7679 167 2918 5925 1770 4273 9583 8256 2064 1609 1007 1039 620 5055 594 2725 4945 6707 1023 8931 1319 2998 4081 680 2817 2204 8489 3723 9290 2185 6134 3978 2219 775 8960 6621 1161 5806 3293 9567 4305 4924 4826 9901 5061 122 6468 1569 1605 3115 1663 6903 8010 1183 6661 6602 1017 374 6499 6086 2618 8247 9285 7152 6654 6901 31 6008 6865 4978 5666
93 2758 4141 558 3075 4949 5097 5241 281 5914 4870 8875 3867 3950 8872 5456 3455 4573 2746 4355 4903 4093 3033 7349 2242 2774 6212 4672 5274 530 2562 7202 3785 6690 8652 7243 2928 1206 9871 4179 1972 1870 3941 3801 1726 3463 8732 3616 2757 407 2043 6009 4893 5614 6494 3594 2625 3776 8839 3973 4301 9125 154 8570 2880 8405 5663 5145 142 8065 6848 5316 5709 3995 4790 9572 4959 1254 9633 1762 9099 3041 2828 3092 9463 2123 2400 6960 3038 9330 3188 9255 697 63
94 3183 3516 1788 2583 1807 450 4067 5127 5349 9079 9612 7528 3323 1016 6123 6379 6554 7719 4069 630 1322 9183 5457 8581 2161 1028 9436 7038 5763 7664 1680 8499 6820 1899 7811 1723 5818 4823 2148 2408 2080 1321 7001 9844 2500 1873 1853 1451 1453 367 4109 4328 4027 4970 381 5464 2899 7578 5246 4475 9730 2662 5034 9614 8086 3365 3357 579 3230 6536 5735 9472 2619 9503 7480 5380 2896 2197 5946 9878 4646 5864 8018 573 6358 7856 8272 6266 5928 5021 7854 4594 470 6906
91 6975 6227 8339 551 3579 2693 2228 170 2756 4400 3702 9752 3266 2126 4530 4788 8320 7061 1160 5587 2266 901 3770 3912 468 2960 5133 3813 4822 9760 8047 9952 301 5791 8821 403 4092 5080 7150 777 861 4371 7491 7844 2540 1535 6075 6607 7673 3971 1848 1156 17 8171 100 7762 6394 348 495 6894 1356 1438 6122 4022 1041 5814 3990 9176 783 7977 8088 441 5009 4608 4337 1404 4479 8244 5787 3652 2616 9767 7837 8640 9349 2968 3530 5240 5320 2367 5723
91 9822 8078 2452 4980 9727 9826 5756 9942 416 5185 3698 3322 6150 1608 8445 1462 3610 3318 473 3741 3651 6738 3192 1759 9314 5821 6277 2457 7062 9056 6989 4782 6552 9187 2900 1097 2790 8639 9389 4748 3220 2704 1142 9196 8713 3250 7564 9507 1511 6204 56 7994 8196 7231 3408 7628 1471 6054 3732 342 8705 3900 748 6834 7085 4445 8101 6852 6316 9657 4362 8169 4270 8542 3946 2938 2510 9863 7107 2501 8880 9586 7002 6435 7885 1551 1791 6656 9802 8314 5823
92 4891 7584 2182 2698 994 8205 3361 3972 2813 544 2715 3172 1863 4455 8063 627 5182 1264 1257 6868 7381 7637 5682 7910 679 1998 4356 1149 926 9954 6750 1098 2083 8988 332 2931 8318 8857 6693 4689 8591 855 5073 9185 6544 5379 5202 1866 4902 7778 999 4051 904 6963 3602 588 8082 8684 4842 7495 3550 8098 7825 3342 5807 4920 9245 4537 7892 7501 6583 9661 8084 8779 8043 2691 1333 2572 4841 3421 3072 5374 6094 8298 119 5915 7608 8307 2494 3748 8618 4331
92 2139 2993 1187 2191 3076 2496 6497 7984 2442 7011 5537 6092 4917 4529 1210 9115 9096 4983 2677 7086 8410 2591 1245 2531 9753 9362 3465 5748 2233 1797 7661 615 1668 3546 4533 5169 8335 3356 7949 9287 1929 7792 3382 7298 5027 7431 4312 2741 2283 4434 633 8867 8226 5056 7591 471 9709 4299 7433 8230 438 5602 1230 7646 9226 5283 5165 129 6047 9402 8428 8202 3712 6899 2294 8685 3510 399 44 8994 7544 7100 4695 4592 1891 3468 282 7270 7165 9354 3436 9346
88 3636 8995 8407 7545 3665 8983 9257 5136 1704 7421 1818 1410 9224 2293 1080 229 5713 8250 6125 5210 132 9121 5670 4358 9133 1707 4083 1477 6296 8877 2867 6318 3194 7267 997 8455 4379 6025 1796 4382 7682 3700 947 920 4421 4072 5546 4614 3576 6403 9419 884 1450 6336 424 9085 6777 9230 9386 4225 155 7391 1107 7562 7659 5140 3135 7601 9034 9253 3214 2248 8197 9788 1937 6153 9613 990 574 2911 7966 8978 7839 2786 7194 2406 9969 5211
52 8725 7148 9960 7205 1312 7235 5889 9743 1186 2557 665 3099 5461 6407 9669 2395 1795 6767 5783 5126 813 606 9223 662 4734 3984 8000 3185 2542 5704 2009 3229 5035 8358 7284 4223 3515 7377 5442 1960 3635 9250 7017 3673 9486 7461 9637 4510 4884 4961 77 5107
69 3353 934 5798 8607 4494 23 9957 656 9646 5675 9459 3201 8438 1560 1250 2914 5251 593 6520 8937 5052 4231 365 3619 3625 2950 8251 6162 2843 2061 7024 5490 5429 1419 5036 4990 1002 9664 5292 5428 7589 7145 1687 520 6517 614 5300 7897 6 9074 7551 6713 4196 7463 1798 3760 677 103 24 4890 4353 3956 6269 5953 9838 3555 3876 8465 7527
89 389 3511 94 7297 6319 2803 4797 9695 4944 6402 8733 2526 9899 8204 8418 2569 970 1639 184 174 888 2403 8641 4413 6630 4559 7135 7610 7036 1526 4732 7531 1389 223 8231 8938 6811 6063 8142 3983 5732 3684 4280 1713 3605 2387 4750 9893 7932 5205 4704 5816 1656 2164 9758 875 1043 6193 5754 7226 2932 8809 269 3221 1782 9879 6694 6926 5085 9813 3752 6431 121 3014 253 2712 4380 2544 937 8928 4268 8539 6240 4965 1212 1778 6301 2338 6479
1 5482
84 3187 1769 8099 2636 6330 1387 9243 3991 7115 8027 9304 429 5855 1554 6073 4227 706 5307 7149 572 134 5759 2409 6274 4465 5406 1603 8700 2919 3254 9093 5659 9690 7473 8677 3392 54 5404 3134 5869 6951 909 2944 5808 2893 6433 9876 8688 5479 3641 8667 299 5688 9998 4812 9162 4451 1619 763 8312 4333 7669 5892 4563 6342 4121 942 4783 4681 3998 8058 3943 5391 415 7166 4437 624 3589 9388 4832 9841 5473 1868 6246
89 4611 7883 7229 7006 3482 4754 5197 5206 5865 2 3350 422 3291 1907 5051 9027 5883 8711 8933 3001 9394 939 0 2433 2435 8154 689 6230 3320 1096 7761 5906 648 7672 3553 2020 4456 5894 3622 3923 9160 7696 1885 5220 2939 3786 3920 9673 5746 1840 3499 4492 2653 1537 5899 8313 5212 2702 5986 631 5444 829 5267 165 4982 1775 3874 7311 5715 4427 5649 2079 6593 6103 6335 6248 9065 2990 6943 4688 1361 8830 8305 1464 7938 1875 7533 98 9741
81 8172 2378 9594 1143 3169 314 5334 4807 1924 9227 6416 5997 2736 3582 1597 5598 7769 443 4082 4030 1095 5166 2642 690 93 975 1433 22 3724 8874 1427 7330 7450 3336 8668 8147 4443 4383 8815 2520 4599 1102 877 6484 1553 4943 9326 4148 7013 6698 3301 1927 1977 4059 255 6724 5651 4498 1480 3945 4405 4806 9028 5722 7198 9114 3538 8411 5243 1086 932 2285 5101 7713 2718 6327 5633 7677 6667 9113 7417
86 3060 2381 1595 5583 8166 8481 8503 3149 4217 7020 1197 6410 5968 4005 3851 7203 489 8375 6221 3335 2331 190 5084 5510 3865 3212 1290 753 4435 4021 2913 9497 7877 1126 1701 7612 6253 4160 178 8109 9552 5346 1409 8610 492 4955 7803 6334 9596 4836 1336 5150 4202 8016 7573 9401 8692 3052 8580 7814 4007 1200 7302 2621 4968 4324 9849 8739 828 4468 3426 857 9978 2812 8515 7094 547 8987 6311 1010 5507 7772 4502 869 8816 3818
89 820 3123 2198 2351 2793 9200 7689 7752 6168 4219 8699 663 6556 3412 9229 1238 1440 8718 4950 6419 8517 5862 9289 4174 1693 1360 7037 2924 3035 2426 2120 2539 9249 2495 6719 6601 1621 6026 7146 4471 8882 8942 5758 9757 6119 6977 4525 6884 8843 613 3046 7428 2988 6195 5458 5288 1273 7051 6349 1157 9843 5656 9132 3053 8531 7905 699 9977 4039 754 5819 5582 652 6447 4224 3962 2441 8070 6722 7174 2829 5481 3106 9015 5204 6088 9941 9932 3595
54 8598 4804 280 8207 726 2330 5213 417 2916 16 9811 5333 3177 6000 5705 5 2138 1412 8093 6167 7441 4524 1888 1777 720 6163 2892 4110 734 6385 4292 6357 7209 5175 4728 8008 5327 7432 2044 3456 6082 1147 988 1274 7594 8157 3165 9602 7197 9508 5039 5599 5665 9124
92 4172 1141 7427 8267 5383 3929 6687 7397 1113 5345 477 2037 8540 1053 7519 5448 2401 4817 8462 6727 8831 3644 8488 1174 4185 8541 7046 7097 4652 7847 3379 9281 3402 3548 8832 1988 8734 9809 1405 7404 9311 3981 1847 5909 568 2970 3888 2237 6462 3458 9214 2290 2327 1 7808 1231 7143 7961 6775 72 1748 5923 176 4876 7170 6514 6031 7034 6089 9449 1570 6281 6909 1277 809 4320 9713 5527 6929 1943 3274 8731 4698 9438 9152 4345 1399 6587 4111 4418 4747 6804
89 3883 4764 4753 7781 2090 612 3533 5984 8073 2777 1037 6970 6493 8890 1398 2186 8074 5829 6681 1562 8108 3049 7087 1131 8050 1004 3103 7296 9461 6470 8235 200 1897 2001 925 110 9260 6800 9526 3146 8413 9051 5332 5854 7509 7962 9381 5072 9729 6998 131 2889 5590 5040 9021 4043 9653 812 6476 6083 4763 9783 4853 5920 9199 9000 4508 329 7269 1859 3469 9374 3257 10 7666 983 3237 1305 8117 8782 3663 8225 120 8402 2249 2134 5227 3504 7492
81 3190 4960 5130 4433 5324 8134 3027 9685 2858 1700 3811 5910 5999 4156 3716 4181 5318 62 1203 6299 1804 1222 250 6994 1302 9848 7317 8036 5159 7078 3304 1971 5856 4204 5311 2943 1724 9703 5811 292 9906 5200 428 3390 6291 1774 1963 305 9712 95 4477 4424 8129 2312 6953 6628 4645 7217 4534 1931 7879 9922 268 5977 591 2490 46 4725 3097 945 410 2471 8738 8951 9205 351 3838 4850 948 4416 2104
85 9392 3875 9488 2163 6982 7704 3914 6961 817 6910 421 2966 9937 6966 53 5706 8957 4722 8791 2334 1932 2674 3427 7392 6764 5369 3215 2989 2280 373 6914 2891 8222 5803 4295 249 6174 2632 213 4776 6048 1114 2226 9734 2110 3004 4191 4752 3162 9779 4618 6788 2898 1844 7797 1284 7819 6880 3338 8998 293 8451 8633 1311 149 3687 9865 6201 566 2054 3355 575 8484 1615 368 5712 5789 1559 6680 9860 4014 7907 4977 1363 7010
83 6933 9435 7609 9443 1191 1893 4170 6959 128 1407 5247 5387 7026 7295 3 879 4636 6794 1229 4221 4394 7393 2797 6547 4758 266 8476 4520 8894 5951 7906 4882 4515 1618 9628 781 2463 7712 6508 9010 9261 5820 4551 5947 8135 361 8295 7499 8497 8720 5573 5495 599 7314 9511 4441 279 3217 7446 9319 3658 3223 2210 9013 6636 9539 1731 8045 7602 3527 4297 3988 8218 3653 587 4237 4461 2481 7322 224 2661 2149 8311
89 5832 445 4049 688 7539 2335 3460 9236 3044 9592 8833 6815 4250 9590 784 4627 792 7944 9622 8920 9880 6538 383 4193 7629 4031 3908 8325 168 1643 9090 7802 560 9993 2935 4344 8899 4376 3095 1056 2675 143 7290 3944 5581 5727 9355 5956 6530 1469 8614 6512 3109 6712 5385 3261 7832 483 7373 3566 1296 658 4211 4216 1432 3358 712 8789 5719 7287 4993 5515 856 3661 3909 7738 5559 1486 8416 4590 7729 8037 2969 8387 6480 7187 3634 3517 2084
83 2223 2851 138 1817 773 352 8543 1491 7014 3316 350 2384 3259 9967 837 6844 7185 2429 1854 8239 6686 5303 3170 5439 8840 4263 5700 9442 1792 5687 6185 1986 9917 9482 2502 6510 6352 8345 6735 3974 1661 6772 8621 1413 917 7556 9852 4129 1673 5295 3571 4596 1584 7563 5750 6589 7959 8524 7504 6608 1534 1381 160 3689 4209 50 2865 1974 5686 2065 4008 6325 8110 6181 7090 8776 9904 8918 1533 9782 5470 1596 2894
87 8141 586 5919 7662 8453 482 3209 8468 534 9166 3899 5740 4091 7648 8130 3396 7575 1260 1515 9721 4942 4795 5323 7359 2313 5390 685 3158 4577 6015 6711 3078 5440 4519 7355 6849 8861 6213 6993 6024 6114 406 2165 9217 1401 6228 2348 2006 96 2631 4838 2419 9525 4780 5631 9726 7083 6043 6549 9105 7971 7497 3032 2240 8326 7055 8742 7440 7868 485 2328 5812 79 6867 4026 4384 3668 3840 9573 7004 1522 4767 1235 2582 3006 8392 8799
86 5260 5014 1466 8698 2766 7343 2332 3772 7496 2524 40 2472 5116 5171 4009 8884 504 4252 1373 7513 3871 1420 1836 5496 3675 1083 2183 4334 4140 2030 4019 1444 4266 8616 2685 9618 109 3011 9414 9118 5093 1494 2342 1552 2872 9598 5076 7514 955 1654 8587 4162 7103 307 5708 5853 6691 9142 5858 8064 7565 9298 7303 6290 9603 2160 7486 113 4108 5560 1449 3649 8979 7478 5032 3328 3522 4793 8744 4540 764 8470 8898 4875 9510 7690
87 9106 4768 4581 7487 8934 6482 8625 6363 2755 6284 1220 8693 158 4053 1276 5610 1674 7412 3079 8454 2450 9182 7240 1767 670 4500 8477 1074 5578 3228 822 3490 1585 1320 5890 239 5451 9135 7233 7831 1063 6321 8223 6166 938 7795 4623 6396 2309 5989 4070 4143 1903 8671 2259 3252 5362 7372 2816 9357 7137 5328 9722 8449 5019 2545 6981 4907 2063 9069 218 8533 517 6360 4532 5430 9244 7089 1295 2143 3279 7850 3540 1665 2565 7540 6051
83 3117 8849 8404 9038 6001 3911 7380 6935 1148 7191 8052 7867 2343 7383 1293 4393 4730 2609 4597 6128 4377 5376 5223 1725 2039 8486 9270 5012 6666 1694 5509 1647 84 9704 7785 1919 8956 2390 2014 1642 3393 6345 5075 3609 6624 9252 5409 9617 449 6726 4656 2216 1224 1581 2026 4742 8997 5778 2827 104 9519 2461 2764 757 4620 9306 6241 6560 6751 5538 2962 892 5275 2834 3057 8891 2789 2807 8092 5361 2810 8395 6491
89 691 570 5524 5837 4805 7946 6729 2365 6992 5156 9699 8778 9352 8950 5207 3620 8237 6421 6322 5525 9856 675 9546 883 2536 1258 7981 793 4885 230 4691 5119 5222 9420 4857 546 9502 9332 8558 4430 709 8332 7321 1721 5015 922 7130 8254 6450 4177 5695 2527 8373 7622 9140 1403 4094 1611 4860 9316 2974 5047 7507 3768 8059 118 2438 9259 897 1966 6917 5155 7101 1900 6782 5359 1682 2627 6169 6495 1967 3979 5859 6271 4897 9847 7555 7774 1648
86 2849 4189 2652 9440 5557 6351 1855 9428 5797 1612 6731 8754 9803 1243 4350 3281 5177 3243 9044 8274 8783 5502 4527 363 7268 4898 4178 3506 1166 1215 5352 1934 5847 3879 8094 3502 9 3646 7363 9707 1070 6837 3657 3939 1886 2564 1195 985 3125 1623 2319 6120 7732 3245 9944 9897 1075 9746 6373 3843 6831 5414 668 5250 1827 5785 6355 7987 349 9905 1877 4490 2844 1509 7810 1881 9828 4197 769 2444 3769 6061 7718 8805 6216 9600
4 6096 6423 6669 8246
96 681 4078 2417 1752 3235 4989 4390 1040 910 8297 3921 69 9785 8613 9033 2747 1715 7249 7728 4309 7375 2608 320 541 8577 9725 177 2961 2601 550 3176 290 8122 9562 4504 6590 6224 4136 9057 564 5497 2818 954 6878 5664 5427 863 539 6741 3461 99 8780 4488 6282 8168 9810 2315 6714 8210 9674 6050 1780 6487 6939 7285 7003 5468 1101 4863 8704 8664 5607 6855 7657 2363 9536 5624 7857 1841 7595 3459 1209 7281 6920 8409 5285 467 7843 1255 6404 8062 7697 6561 6279 3386 7326
91 6781 1109 9328 1831 846 8366 5492 9202 6623 1862 5553 2769 9956 9175 291 1421 3405 8765 9241 81 6411 1414 8442 9477 5424 6286 4745 8828 1730 9220 204 871 4958 8944 878 3277 5096 2255 3955 8824 322 7459 133 2743 6044 157 2739 2464 9390 8362 7053 7515 5662 6106 645 9469 8158 2181 2070 7425 4572 4861 1087 9644 9269 2787 6081 4772 708 7301 821 3688 4150 7618 859 1947 7807 9148 6203 6637 5729 3958 9866 7294 1503 5930 3913 1990 5690 6632 4329
93 2038 13 2648 2550 3496 1364 552 4660 6864 4239 4909 4311 9559 931 4248 2912 768 2359 6710 6105 2096 7896 9078 4205 3780 4004 8469 465 1545 3545 8258 3364 7767 8808 1889 1867 1908 6449 5347 1935 3795 858 6809 2686 4090 8915 1892 8341 5786 3963 4883 5730 5790 4232 9387 1376 226 5640 1213 1246 6527 9749 9473 7398 9532 5871 3296 5762 7182 9610 4651 7498 8985 7220 1108 5521 3800 634 3859 3547 4702 2779 2105 7804 3697 7801 1607 1473 836 2634 9527 7652 2980
1 5604
83 6570 6392 993 5703 8961 1271 6600 563 3682 2573 3518 2767 3707 2633 1239 605 6746 2106 8569 1917 1735 6919 4145 4229 2071 4272 7484 4665 2522 3484 5420 8859 2184 7056 600 2404 8007 6208 639 6502 3896 6380 6226 6930 3512 8139 5567 1632 4321 6387 6739 7635 8563 3255 549 1649 5164 935 1159 7057 1902 6158 284 8075 4176 5225 2796 7683 8567 5173 6916 9900 806 4580 4762 8060 9505 5002 3334 8753 7134 2254 6422
2 6130 6424
90 6812 1415 6720 9336 6857 8431 3385 6871 1835 2570 1745 779 3139 5724 629 8584 2167 4278 6551 3300 4621 1944 5512 2917 5757 3887 4900 576 3487 8689 1749 2763 5533 6252 7830 228 3488 1176 8278 7740 8137 4829 4779 1719 6846 8355 9122 3662 9297 6617 8480 6760 842 8233 8300 2726 6900 9396 1510 2277 4198 707 4102 8881 3725 9369 2875 5011 9036 8632 3084 3841 6293 9924 4584 344 7770 9642 205 2345 7789 637 8290 2349 3403 3285 6179 496 819 7364
3 327 3387 7995
95 701 9282 1833 2607 9498 4543 3681 5564 9492 3339 6231 1100 7351 2350 1325 4715 7232 8162 4084 4175 949 5744 6500 6634 173 5784 9310 4385 9338 5090 2176 8025 1872 6531 2078 3797 8623 2122 7282 8976 2946 9309 2004 8185 3199 9824 8149 6591 3747 9609 2300 733 2466 3799 3895 5741 4054 354 8119 1523 759 1823 179 1164 8825 7627 1755 5203 765 4024 2934 6840 6858 4505 7128 8363 2667 2264 8002 2537 2514 3457 2904 6397 9615 6633 8774 8583 3918 6598 212 6730 5269 6202 6014
83 5634 1568 9031 6597 8523 182 1330 6819 8118 896 8327 7543 8751 4391 8575 9391 1055 3272 2745 3420 5772 1354 261 7671 8040 4929 5070 9375 3892 3670 872 300 8939 8538 2019 7005 2082 5962 5720 7882 623 6629 5378 6851 1391 4149 7676 834 2488 7023 4653 2639 508 6571 7403 7547 1343 9834 9574 8354 4013 1989 5792 2856 3224 1718 4593 9020 2559 2398 7617 5398 852 3138 6496 6737 696 7978 8715 7908 7049 6835 7649
83 8854 962 4473 9858 8730 3551 6610 528 6765 9732 7253 460 6973 4050 9751 5423 4697 9097 2801 8368 6622 9864 9439 1904 9675 4575 6328 4562 3678 3388 7374 4241 6263 1349 3925 4281 3055 1589 3131 5290 9739 8686 8371 4343 6749 6006 664 5804 264 981 5622 1050 5487 8034 1073 8156 772 8496 8856 4668 9341 6095 4308 7827 8888 3627 6771 7490 6619 3727 4571 6745 7521 9320 8195 8959 8743 8187 4556 9296 7153 2623 7917
79 8980 2563 4671 4303 1380 2085 5949 7430 2218 4694 2391 5446 6902 499 6979 2680 902 5861 4432 9203 1671 4579 7950 38 4168 7706 7873 7370 4147 8661 3415 6701 1761 4602 1458 475 8560 5577 4756 1567 8999 8707 3376 6400 9070 9465 4389 1190 8379 6682 3976 9711 8735 7749 1617 1455 3739 4242 6679 9193 8433 732 3948 8535 7332 8803 6921 6972 2088 5734 5849 5960 7997 2594 4585 6898 537 5674 5921
88 9581 4466 5354 3492 8835 1365 9441 7871 8017 9251 8949 7161 5612 9268 9772 4001 8421 8992 1076 9242 2920 5863 4015 3040 996 5639 8645 8005 2207 5235 5355 6847 257 9976 6225 9593 8562 2412 2382 1244 7312 6665 4180 3585 6892 2617 3894 5006 7656 3180 5443 1832 6078 2364 64 1906 7823 180 3378 2131 3773 4886 260 2861 9234 6131 2773 315 7204 9318 4296 1669 7376 1930 6688 9025 7970 5593 9080 5092 145 8771 6217 6974 7315 8932 447 8636
84 5835 6229 9742 5160 9246 3179 9850 9104 7173 3302 144 1976 5895 676 1024 9139 571 3122 8651 8281 5022 4703 4282 6652 1821 9084 4247 4289 5403 7291 5781 8089 9812 3315 1524 8844 9222 8248 4511 7884 7346 838 7692 6147 4414 802 3599 4814 8288 8276 3869 440 6526 2941 2592 9083 7956 8452 3969 3189 725 8280 9331 9225 3947 2072 6887 4366 4287 1266 5466 6305 6988 5678 3467 6371 2532 2456 7399 3529 3021 4576 4901 2451
82 9145 4114 1577 8896 6154 3503 8678 1746 4238 1816 7309 6635 7384 130 9884 4386 338 9462 610 8746 4975 7878 6369 9350 2499 6436 5969 5434 987 1259 8309 3166 2055 5793 1309 6586 686 798 9116 3147 8989 5219 7500 3113 3085 4085 7189 2839 1625 7632 535 1850 776 2366 9775 7454 8923 9305 8014 2162 898 372 808 6260 8823 1181 6533 8376 8895 4600 7435 4548 7764 7926 6626 1484 6969 8879 4712 8194 2497 9138
1 7833
3 3425 7822 7794
96 9832 6950 9925 8315 1599 9157 7216 9868 8434 4088 8851 2205 3005 1756 9702 7986 4144 1961 6485 9147 1677 3091 7538 7598 2337 2489 5176 9994 1810 1081 5100 9634 5749 1516 1092 5983 1564 5279 1709 4582 4565 140 9651 1650 6010 3730 6176 9448 7344 844 7859 1636 7853 9283 3897 6991 6146 2727 8414 9776 6689 1845 9641 6087 9294 3394 2742 3787 7444 9744 29 267 2443 4485 1500 9198 4319 5657 1685 2638 455 3614 1279 7411 7542 516 3197 1071 5844 2895 4962 265 5988 6164 7688 1289
81 5455 42 7901 2091 596 6683 5941 7439 9940 2459 850 273 7109 2253 5258 6995 3680 4739 2024 7952 3722 3731 7361 2868 9406 7278 2541 5253 4799 356 3234 5071 8055 2373 8214 9089 8505 2153 3453 115 387 986 6143 3807 3806 7919 2560 512 245 8095 2256 6653 183 6376 5447 1117 7829 1351 7181 2229 8420 8921 2344 8459 9516 1729 2688 827 1324 5544 1979 1208 6467 7389 5190 1031 1857 5120 9022 6907 3157
87 3440 152 8184 1492 9447 6931 4766 3937 7475 89 4503 598 2396 432 653 7992 238 6985 2295 8634 8798 7117 4692 4315 4953 9491 980 9231 4864 8206 1423 5547 7536 7131 7387 3507 3273 9072 865 1459 1261 918 4417 9902 1145 3477 4761 4167 669 4815 2708 9040 5013 756 9487 481 3880 3737 6839 761 6949 6987 3964 9656 4073 5902 4744 5221 2694 1874 1686 4631 2095 6717 9143 9476 9698 6377 556 6442 2850 1350 9410 1367 9768 1177 6405
1 7320
88 9351 3423 9446 1125 698 2000 5511 4802 8547 4480 3524 9382 2051 9263 215 7773 738 3537 6566 6826 6267 7054 3587 4134 74 87 1193 358 893 1852 3608 8245 6287 2808 8907 9964 2699 5441 3819 8390 7663 2576 9207 5504 9923 4637 4317 3753 3672 4207 5627 4570 4555 8310 3327 1741 5841 8107 4187 4086 5636 2192 9005 9088 4491 944 867 6923 9086 3561 2503 3577 8929 195 4705 2964 9170 4138 7791 8068 796 2189 7852 6524 2431 845 3870 9837
87 1785 1965 6891 5673 9740 9288 7708 1805 5077 7120 7969 9606 6030 1175 7890 1049 9816 2144 5144 1681 9915 2058 236 3019 319 9485 5157 3203 7561 4724 9451 2707 111 5045 833 7409 718 1329 6582 1172 4667 8666 7549 6471 6996 3942 7099 48 5775 7200 9119 8087 5199 2425 1645 8804 6678 4133 4670 3915 6004 2543 9663 5089 8719 5992 4000 1586 3586 6289 2177 1538 7647 2731 5549 1705 8893 8792 5161 1727 4516 5877 126 8964 7460 9418 3116
88 2772 4322 7613 8152 6245 7529 2604 4937 3746 4034 1737 5658 9790 6657 8991 2154 3348 9380 5302 9186 5401 7693 2274 1120 1307 6472 2654 525 2799 9835 532 3286 4101 7076 4869 2548 8106 3314 3435 2416 2859 1962 4423 673 4288 8901 2882 758 2888 379 7155 4164 5628 8023 2684 3222 705 4595 4359 3666 7550 8662 1561 1476 6700 7434 8229 4075 6465 8160 2483 1546 6569 5629 8306 7477 5459 9134 41 9774 6881 5375 7934 5779 5410 2155 5707 4300
89 2440 4974 929 1359 9417 2241 6461 8903 5938 1014 5129 6474 8282 3410 9384 3367 3992 6876 6242 6292 7286 1138 3949 3114 7891 7751 8646 6971 3711 7045 9126 5023 3637 4201 9035 644 5106 5395 2262 71 9280 3449 8384 2645 9008 8807 7012 9453 9232 4146 6539 514 6079 6768 3960 478 8626 1806 2598 463 8 8457 4554 9578 1478 6071 1019 2655 7658 2987 3910 5091 8112 1347 1378 8712 9710 5809 1428 7214 2902 3218 5513 1268 6942 3570 9154 1635 4347
94 6340 5057 7313 4662 4066 7096 1437 3258 4507 8586 2169 7707 8261 6516 1465 5574 9549 9165 7572 2375 5125 3326 1368 8463 8249 841 1839 5146 9339 5523 3481 6256 9921 59 1493 1182 2887 6456 8801 907 9833 6780 3685 8446 6684 5265 1507 9091 4213 5943 4340 903 9066 386 4509 583 3790 9928 370 6505 6020 4846 2023 3965 2035 4709 2347 8209 242 3591 6723 8485 752 3713 7717 4746 6366 6356 2709 1316 9535 7731 1288 8024 7008 2031 9786 4707 2215 8268 9873 6596 9958 6148
84 8044 671 3720 9136 3878 6265 8080 6046 6003 8049 7650 6869 919 7667 408 5901 2710 3917 6990 5596 3513 5296 3037 6186 8528 4588 9885 1304 2595 4888 5238 7091 2100 4921 6183 8144 4212 1920 7340 7072 8509 8015 3003 5230 6483 9935 8490 5971 8283 5026 7836 8028 1013 5252 8041 355 5463 5139 2449 1334 8600 6070 8071 4859 5518 4848 1297 9335 9686 442 2214 5936 9001 8061 6068 491 448 7631 5216 6650 503 8180 7341 7272
84 7277 6845 9054 9662 7918 4994 7329 5942 8003 5751 5128 961 7798 2965 3150 3557 1644 5102 2101 3346 704 4486 43 2136 8553 2247 4874 3018 9658 2689 6795 1692 790 5601 972 5501 6672 7824 1292 8611 5828 2092 6728 9068 8020 1068 7615 4845 8759 4240 4800 649 9981 9528 7476 8054 1884 5641 5494 5626 9938 5684 8275 3626 3023 8852 2883 6040 3208 9582 730 4820 1385 9422 6762 3985 3719 8619 6149 6142 9163 5392 900 2480
93 9141 4501 7511 5049 8177 330 2855 3383 502 874 8745 4436 8273 2535 2147 8663 6753 4887 9537 4307 8111 7028 2232 5760 2525 5278 974 7670 3262 8862 7776 3298 6773 2780 92 1948 4074 3034 9996 7167 5104 9325 388 3409 8975 5037 9999 5755 7353 9426 5098 2333 248 8271 8199 6734 9429 8525 1757 2515 6346 2361 2831 5788 8357 3691 7665 1912 9364 3447 9903 7306 8606 6339 7289 3239 8241 486 7518 5907 940 396 7951 8487 3074 1672 9645 4526 6952 2719 7722 7577 6207
76 493 8057 7256 3756 3632 405 4794 1768 6151 9506 2876 659 9636 2578 4910 6113 952 1025 2236 1794 9831 8381 8958 5218 4089 8263 8389 8441 7142 8398 1679 7105 6697 1435 9793 5083 3846 8145 7007 3543 2724 5840 8963 2657 2171 2800 1504 5114 4230 1819 3102 8996 2484 398 1732 905 7127 2362 4894 4972 3999 8656 6937 3617 6259 139 3523 885 1529 8252 459 1583 7052 1790 4042 8749
93 8858 5465 3877 9213 3775 548 5069 6294 8513 1205 7698 4327 8324 9806 9273 6283 6677 8615 4718 1283 4553 4948 6341 5916 2771 3830 380 420 7468 9308 619 5142 5384 5059 8760 1688 6918 9412 353 4591 3563 3020 1698 4132 3094 683 4617 9002 4723 2549 9877 5982 3837 8757 7881 303 1578 7040 1684 3569 9801 9807 5630 7640 4142 3597 7686 786 7140 5025 9972 5558 8188 8556 2991 8203 4531 8343 5985 5725 2819 9705 4682 3906 3345 3645 4354 7593 9403 362 1773 6413 4644
74 5588 5046 3198 7606 476 3765 5528 446 3333 1860 3659 9128 4151 6445 82 4629 1631 8910 3703 9909 8012 6427 2637 9235 9395 6747 7748 3430 1310 4306 4542 7190 1256 7305 6856 1000 2986 7009 3416 6368 7300 8775 7242 6457 6757 4598 1358 210 4669 3344 7779 6521 7159 1169 8336 5389 5415 5931 9016 8674 5891 4731 1463 6662 5141 9399 3676 3977 5589 7360 2454 6797 3450 4061
88 1408 3233 2517 2713 4397 5008 5608 2785 1285 1779 3919 2252 9385 7442 9150 7625 5416 6211 5867 8970 6859 5138 4116 117 6978 3341 1121 3086 9883 2552 6364 1189 3280 3863 5304 2656 7596 5852 4825 9158 6192 6182 1188 4813 1135 7035 2869 1664 4839 9050 1616 4033 9427 9659 5399 4541 8429 244 9239 6064 1940 5929 3564 6645 3624 6370 2074 3699 8838 8243 2115 1580 7154 2422 6784 9579 4274 6184 8986 8270 3366 1739 5042 2804 5562 4771 233 4678
93 3216 9872 7132 2297 6425 6879 8740 5908 8781 8566 2469 3126 5400 1241 4716 15 232 9540 930 7800 9571 9936 8741 1411 7660 3777 9870 5277 7835 7876 5297 70 452 9575 8296 8350 7443 5438 710 6721 8814 4743 3828 3441 914 4351 278 9716 815 3677 7558 2821 9560 3890 2379 3432 8269 500 2602 2997 3714 3428 4464 3792 201 4528 3413 8342 1501 8126 8905 6501 9301 8836 7523 9032 2257 1800 581 2275 2448 7968 7246 1801 3474 2099 4339 4685 6732 6546 7063 2994 1445
3 3491 602 8346
1 2098
82 4904 8653 5595 1842 3051 2836 7929 9891 9130 6620 9095 1123 3283 3733 1588 8954 3881 8500 7065 9898 5315 6550 943 5769 6233 2835 8917 7407 8253 4544 8159 3631 4612 394 4985 6298 1103 9299 2369 2372 9424 7681 7385 8200 9409 52 8333 2975 4453 6958 3414 847 864 3395 3809 7255 8806 1475 3200 6801 3022 1328 4979 6478 3219 3141 9524 2269 4411 5882 6308 1629 8596 7319 371 1928 5897 518 3080 9556 7021 5255
87 7851 7633 1938 5535 7186 4236 4057 7031 8710 2649 34 5462 7458 7724 2963 9416 9397 5680 6912 5671 899 9356 5637 1898 7338 2027 6312 2281 2846 4158 1980 392 8131 8573 7000 6191 7059 8755 4547 55 3584 189 2682 2973 7258 522 153 604 982 9570 1122 494 8534 4470 1858 414 1502 9509 2246 6967 2112 967 8822 2127 7940 151 1703 7113 423 1953 7687 2553 6139 6911 2778 3842 8081 6052 2737 5432 2925 4956 3554 2630 7162 9577 7414
90 3592 4398 2830 1824 8183 4392 5245 5555 4808 1140 2482 2599 2304 2614 3331 1890 9974 8277 684 6816 8727 8790 771 9943 2687 1525 4025 194 1032 2947 4489 8215 4844 7334 2647 3982 1436 237 9365 6829 3065 2967 9800 557 5767 3108 7088 9547 6895 700 5731 5594 4106 4310 5810 8900 2700 1955 4399 6127 4987 2696 4778 3140 2180 1355 1528 6886 5363 6066 6548 1497 8308 9881 6076 787 9934 5569 427 453 7223 3226 1540 2670 7424 3829 9827 3642 1911 4361
98 4115 7735 7855 6980 1247 4122 8592 1670 7394 9797 9930 6234 1422 780 5585 678 4165 6255 1913 5229 8726 4673 6437 8620 9107 8506 6562 1064 6236 2318 1610 7745 6824 4997 4726 1837 21 3110 3606 9728 1163 4952 2076 2276 5417 9769 3317 4098 1498 3028 1838 2424 8796 6742 8578 7763 1876 1272 8370 5541 3552 8155 2321 6443 7447 7783 8403 7098 3000 5620 8361 6243 5933 9313 4755 2190 2117 9945 9101 8648 6631 8747 8672 8935 5805 4811 4619 4895 4518 1079 788 6157 3059 2587 1864 8629 2388 2107
1 4967
1 2586
79 7245 1472 3384 3171 9037 68 3643 479 1275 7230 8829 6790 4195 5082 7957 289 3332 3847 2258 1996 513 3528 4387 2021 2983 3715 8316 9499 8974 9317 3313 2735 1861 2062 2116 529 6763 2314 4919 1467 1314 3061 8329 5477 4139 1488 7626 9471 1941 8186 3728 7333 9846 8869 9171 9026 6118 797 9715 2421 4463 4265 9620 6769 5660 5764 9759 2311 6506 4680 5054 9580 1313 8412 946 4635 2783 6441 6614
86 7136 7576 4759 4474 1196 4765 3575 1192 6250 3264 2195 1558 2168 5086 3347 589 7022 6658 3541 1151 6361 8649 6944 1620 1132 3340 472 5121 4684 8067 8943 9983 310 4100 1371 9228 8752 6187 3759 4045 2903 6399 1170 8378 6670 8422 7171 998 6438 9276 335 9262 2492 7570 7943 3263 7479 3089 2641 6913 5143 8676 7451 9605 4912 4403 3994 8706 8811 2376 9291 4105 9576 4666 3196 6783 9347 390 2119 3030 4940 2781 1851 9643 7936 6787
52 8786 9284 7566 839 7448 3656 8356 9755 4896 9408 1417 3764 3845 9625 3186 5693 3667 308 1784 311 8793 6553 8182 5838 400 6037 4262 6609 4032 1402 1034 4992 8826 1341 4865 2307 801 1743 6035 454 4330 3789 4253 364 6108 7818 6101 8427 4036 8940 3438 6141
90 6613 7828 3968 4447 8568 1062 5209 5917 4214 2244 9804 3866 1124 5151 4834 9980 4587 73 7408 8417 9456 4969 3858 3182 3803 7592 4017 5343 4264 6708 4163 9067 5192 9689 5309 6674 778 4696 1128 9434 7104 1046 1905 2220 533 9931 3525 254 7378 4700 2798 2740 2568 9077 2200 3253 3088 8259 1624 9693 7826 5179 2172 401 136 6196 3307 1982 4462 7895 7967 5575 7754 197 978 9962 6490 5937 6012 5471 8916 6029 3931 8585 1327 1345 3422 1627 419 1199
72 6042 7937 8644 9445 3782 5503 4757 928 667 8083 5826 9627 721 9708 7406 2301 6703 5079 3151 8873 9762 5312 9267 1219 3407 9780 741 5405 5137 8855 5905 259 4583 1829 9411 9024 4365 7069 7888 6384 5248 505 2087 5131 5043 3852 9611 8947 6555 4233 4154 9638 4173 2199 9433 3374 7714 1375 8554 5795 7386 2308 3173 9748 5970 7921 8132 2901 4063 511 75 2507
93 9413 4065 9814 4260 1925 8440 7395 6200 4773 9470 1066 5237 3855 3268 7367 4123 2013 8046 208 343 5683 5188 1593 4137 80 4452 8349 5887 2477 5935 9733 9178 2320 3105 5514 8628 1045 5550 6434 5770 8448 7237 9081 8334 8886 8279 7058 5191 2251 4258 2206 6861 4843 9683 2411 887 5393 3371 3822 2473 3549 1582 1116 4429 5094 9137 1945 162 8430 8163 6420 9680 7799 8902 3559 5158 8527 7644 7125 7923 1227 9041 9474 5918 5372 2814 6235 9544 2952 9192 1651 5193 6091
2 1808 4634
1 1717
88 3249 9988 8299 8383 766 328 8170 8565 3519 8717 1926 5263 9621 5520 6278 5654 3267 6618 9665 8285 8328 6295 8460 8322 4079 9737 6268 5068 5314 9815 5584 2651 9127 2052 642 911 3834 5611 5063 345 3464 2551 8761 3152 2225 318 3067 3073 9011 4693 4610 7999 507 5272 3276 3007 2596 6957 7325 913 2073 6194 9206 5710 8287 6986 5341 6541 695 9201 4741 818 6222 9112 6059 4840 3601 6074 4683 4699 5591 9100 8945 1946 2879 3375 6588 2423
84 175 9155 4107 5336 9992 3701 702 7638 7636 7516 9984 4 6374 7151 8820 304 4628 1236 5912 7605 6395 4048 9619 3544 9798 8588 3069 8593 7743 7875 5350 9654 8189 4658 9370 2811 3132 3054 8338 1171 9588 5652 7307 3961 2753 14 2224 5539 222 7889 461 2929 8291 8304 3142 6199 6381 8767 3178 4932 9684 8508 3861 9550 4210 8323 1633 9953 6011 2862 9517 749 4412 9064 1022 9916 4058 8589 6498 8216 9431 8351 1637 5453
85 207 6021 7639 5939 3856 457 336 5031 3476 9378 9735 9454 873 4677 4104 5796 703 1542 7201 185 2410 141 4630 4521 8993 8723 6084 323 3850 7257 6893 7400 8967 76 3127 1044 6429 6941 3812 9367 7739 6414 8475 6220 9823 4727 2341 4522 5174 3891 7273 6965 2453 9530 5103 807 7095 4928 5421 6034 3093 3966 4029 8521 5452 4449 2824 2109 9221 714 3015 20 6704 8660 8077 1015 8501 1270 5621 3633 4235 3444 202 7756 2681
94 9014 2823 4830 474 9248 1896 3119 9820 2890 9568 3312 3781 9039 4824 4415 4710 6177 5020 2339 2992 1093 6779 5351 456 1865 6393 1012 36 4190 9425 9531 5975 8123 7709 3835 886 8889 2040 6145 5282 1490 8352 7308 4925 6716 9763 7557 5718 7044 9430 9681 1221 1383 2593 2445 1495 3231 8702 5357 5773 7027 2402 4837 7710 1970 272 3738 458 8467 1162 1646 114 4613 9950 8179 1374 5342 6534 9353 7396 7413 641 5685 321 6883 2059 3062 6955 9918 5681 7947 2611 6065 6172
1 7418
99 78 9696 625 90 1425 4701 9591 5903 1751 3640 1036 5112 4717 1499 6748 1059 1267 4152 979 6822 6766 7607 8865 3804 5435 7110 3854 6309 7960 3647 425 8458 1370 5976 4396 5407 7419 5322 3362 6138 7122 9908 1754 1069 5289 5834 8337 9303 9458 9736 989 1094 7493 2982 1457 4335 7196 3047 1918 3535 2407 3193 9405 4654 8491 6759 1565 9875 8817 3475 8397 6219 5745 4939 9333 770 506 296 11 6239 8647 7048 8770 1287 2203 616 9563 172 5926 9987 1105 1550 3970 6947 4254 8265 9558 8670 960
90 9888 3256 7642 1130 7574 9366 6888 7611 4803 9042 4957 3306 9073 6102 5117 4976 5990 6580 6304 1592 3669 8572 2908 8022 8911 5739 4348 4889 4446 7812 2646 2909 9771 8260 3825 4127 2325 933 4316 3721 4835 2877 1280 7860 4420 4862 6375 1856 1830 234 6362 369 5924 1613 8217 6962 9647 2173 6938 5733 608 7070 4770 853 9271 1008 2222 9062 1843 9468 3002 8772 1811 7972 889 8522 6818 1543 9679 5231 1601 2487 8574 5635 8360 9607 6647 5273 6511 9784
74 2209 666 5645 8669 8128 1242 9254 5397 4856 360 2590 7345 9029 7958 3290 6085 2066 5198 5848 1744 1352 8650 1662 1461 6156 5270 9668 6545 9794 4538 8401 5880 803 5154 4648 7585 3325 2521 524 7168 5335 6525 1984 6165 8785 728 2159 7954 3750 1232 9496 1506 4624 8965 7520 7342 4927 8810 2866 192 6159 7156 2881 3101 9444 4586 2493 7841 2809 6133 5044 5033 1298 7234
1 7426
90 9189 8372 7047 6770 4632 8026 8977 3987 3951 5566 9836 8936 9754 7723 1923 795 7259 35 4514 5857 9238 7777 8673 9533 9939 243 5168 6331 5900 8912 5879 7955 4647 569 4564 2370 9218 1933 5913 1144 4930 430 2984 5833 1249 3271 4855 7238 6439 2581 3129 1173 8972 4496 7834 2047 9551 1710 8827 8113 4786 3916 1379 7506 7821 3749 4203 1922 3864 3823 1129 4155 18 2751 640 6251 2211 4973 1115 2329 47 6755 9968 4135 9555 2956 2528 3531 6576 3767
54 3042 5370 5801 7337 8439 8549 3411 6280 2468 6616 964 209 3439 3195 5911 848 6572 1089 8466 8602 4497 7935 2857 4002 3839 4410 9337 5431 4991 1901 4854 9102 8030 622 6080 8104 9004 4908 1714 6136 621 8981 7930 378 3148 2306 6513 4714 2585 4963 5007 8096 4275 3082
97 4052 5552 2711 1539 5613 5846 3630 3501 6463 3560 5310 3953 4622 6504 1217 7974 9825 393 6519 2129 6522 6744 8292 2470 9851 9854 6523 3648 4638 5530 5597 8369 3191 5480 9821 1915 6585 4428 3284 4425 2589 6337 1418 376 4918 6873 4368 3096 5842 5095 214 274 2187 4549 5643 7081 6905 5003 2806 7975 923 3031 3638 1006 1201 4513 7780 7716 6605 7420 1251 5888 3980 3070 876 1443 661 3081 6022 235 8708 6002 9542 3734 4561 3308 5948 9383 9731 936 5365 2957 3808 4789 8009 4188 5885
94 2805 4852 9211 3827 275 6785 188 7694 26 6155 6509 4966 7985 1600 6313 5313 1430 7865 4858 1750 9585 8737 5506 4251 9495 8848 9781 2937 2175 4388 6872 1431 8224 3791 5064 9247 2826 5291 9007 8665 5024 2577 5600 5782 1029 1308 6398 2837 6365 1496 7909 3886 2695 6807 7437 7438 6343 840 6058 3621 7283 3372 9432 6333 6803 7211 1722 1987 1814 8136 137 2669 1372 2905 2597 1061 5337 9667 1518 6828 9023 65 7726 3816 3349 4674 9971 2075 3868 6830 4097 4625 8696 5208
85 3153 5030 27 3505 3833 9584 8143 4318 6889 7699 7742 3442 8471 5436 1441 740 5348 6007 7526 4550 2322 9240 9853 5074 6675 8493 4792 2802 9970 4243 1799 359 5768 1085 3686 3771 6129 6915 7043 2761 2759 4633 8871 6904 6451 3370 3213 2462 5394 9295 2663 2910 1910 4719 8419 4686 1180 3397 1078 346 146 8456 9514 4012 6053 894 1957 651 2478 5711 1975 1263 4735 9687 451 6821 5845 1697 1106 6390 8819 9882 7471 7820 1766
92 660 3562 3181 5041 8492 9131 288 7552 3598 3735 2048 1429 5860 2394 6027 4323 4828 6205 2794 106 3905 8687 2832 5183 8211 1248 3398 7614 8617 4941 9087 7039 4401 7983 2948 5281 8605 225 3251 8038 7588 9334 3889 693 2077 7757 6611 8051 3639 5484 297 1763 8321 3885 1338 646 8984 8608 6875 3690 9237 672 2676 2605 3497 4558 206 8079 217 1331 8853 3498 5445 2282 8192 37 3045 3369 4936 7192 5870 5548 9765 5780 287 1638 3202 6564 1738 5991 2791 7368
78 4071 1764 6543 8394 4338 5934 4751 5545 4650 3932 6382 7976 2135 2036 7436 1282 3479 956 7379 1299 2728 9415 7405 3654 3167 1883 8150 2286 3794 7925 2760 2050 7939 584 3310 6178 2017 6486 4603 9455 1771 8148 7310 2278 1571 3418 9513 6104 6649 241 2128 7510 9144 6528 148 2580 5469 5623 4041 5449 9859 2729 7734 1951 2626 7705 6660 5344 6573 2907 8941 6542 2936 6017 849 411 2518 3227
73 1587 4760 4801 862 3536 4018 4192 4314 7158 6049 3297 6752 2738 6218 1253 8642 2538 7462 9548 3743 4293 4720 8813 527 6948 6646 7288 6060 58 643 585 7893 1052 8926 7184 958 1887 8529 6924 716 4738 9174 4261 7262 4499 4649 7634 1992 8212 8021 7254 4536 9649 9379 3521 5765 5981 5016 1786 4798 3940 7106 1634 6303 3083 5317 2985 4256 7806 341 3071 1793 9307
4 9111 3902 6956 3288
0 
0 
0 
0 
0 
0 
0 
0 
0 
0 
0 
0 
0 
0 
0 
0 
0 
0 
0 
0 
0 
0 
0 
0 
0 
0 
0 
0 
0 
0 
0 
0 
0 
0 
0 
0 
0 
0 
0 
0 
0 
0 
0 
0 
0 
0 
0 
0 
0 
0 
0 
0 
0 
0 
0 
0 
0 
0 
0 
0 
0 
0 
0 
0 
0 
0 
0 
0 
0 
0 
0 
0 
0 
0 
0 
0 
0 
0 
0 
0 
0 
0 
0 
0 
0 
0 
0 
0 
0 
0 
0 
0 
0 
0 
0 
0 
0 
0 
0 
0 
0 
0 
0 
0 
0 
0 
0 
0 
0 
0 
0 
0 
0 
0 
0 
0 
0 
0 
0 
0 
0 
0 
0 
0 
0 
0 
0 
0 
0 
0 
0 
0 
0 
0 
0 
0 
0 
0 
0 
0 
0 
0 
0 
0 
0 
0 
0 
0 
0 
0 
0 
0 
0 
0 
0 
0 
0 
0 
0 
0 
0 
0 
0 
0 
0 
0 
0 
0 
0 
0 
0 
0 
0 
0 
0 
0 
0 
0 
0 
0 
0 
0 
0 
0 
0 
0 
0 
0 
0 
0 
0 
0 
0 
0 
0 
0 
0 
0 
0 
0 
0 
0 
0 
0 
