7073 nodes / 9102 edges
1000 cars
1000 bonus points
5070 duration
Theoretical perfect score: 6068526
Outgoing distribution
  min 1
  avg 1.287
  max 12
  dev 0.485
 1  1 | 5498 | ████████████████████████████████████████████████████████████████████████████████
 2  2 | 1278 | ███████████████████
 3  3 |    0 | 
 3  3 |  215 | ████
 4  4 |    0 | 
 4  4 |   49 | █
 5  5 |    0 | 
 5  5 |   13 | █
 6  6 |    0 | 
 6  6 |    9 | █
 7  7 |    7 | █
 8  8 |    0 | 
 8  8 |    2 | █
 9  9 |    0 | 
 9  9 |    0 | 
10 10 |    0 | 
10 10 |    0 | 
11 11 |    0 | 
11 11 |    1 | █
12 12 |    1 | █

Incoming distribution
  min 1
  avg 1.287
  max 11
  dev 0.462
 1  1 | 5505 | ████████████████████████████████████████████████████████████████████████████████
 2  2 |    0 | 
 2  2 | 1248 | ███████████████████
 3  3 |    0 | 
 3  3 |  229 | ████
 4  4 |    0 | 
 4  4 |   66 | █
 5  5 |    0 | 
 5  5 |   13 | █
 6  6 |    0 | 
 6  6 |    4 | █
 7  7 |    0 | 
 7  7 |    6 | █
 8  8 |    0 | 
 8  8 |    1 | █
 9  9 |    0 | 
 9  9 |    0 | 
10 10 |    0 | 
10 10 |    0 | 
11 11 |    1 | █

Individual street lengths
  min 1
  avg 63.144
  max 2320
  dev 94.918
   1  116 | 8483 | ████████████████████████████████████████████████████████████████████████████████
 117  232 |  480 | █████
 233  348 |   59 | █
 349  464 |   20 | █
 465  580 |   11 | █
 581  696 |   13 | █
 697  812 |    7 | █
 813  928 |    5 | █
 929 1044 |    3 | █
1045 1160 |    3 | █
1161 1276 |    3 | █
1277 1392 |    2 | █
1393 1508 |    2 | █
1509 1624 |    4 | █
1625 1740 |    0 | 
1741 1856 |    3 | █
1857 1972 |    0 | 
1973 2088 |    1 | █
2089 2204 |    0 | 
2205 2319 |    3 | █

Car path lengths
  min 0
  avg 1.474
  max 1474
  dev 46.587
   0   73 | 999 | ████████████████████████████████████████████████████████████████████████████████
  74  147 |   0 | 
 148  221 |   0 | 
 222  294 |   0 | 
 295  368 |   0 | 
 369  442 |   0 | 
 443  515 |   0 | 
 516  589 |   0 | 
 590  663 |   0 | 
 664  736 |   0 | 
 737  810 |   0 | 
 811  884 |   0 | 
 885  958 |   0 | 
 959 1031 |   0 | 
1032 1105 |   0 | 
1106 1179 |   0 | 
1180 1252 |   0 | 
1253 1326 |   0 | 
1327 1400 |   0 | 
1401 1473 |   1 | █

Car path street counts
  min 0
  avg 0.023
  max 23
  dev 0.726
 0  1 | 999 | ████████████████████████████████████████████████████████████████████████████████
 2  2 |   0 | 
 3  3 |   0 | 
 4  4 |   0 | 
 5  5 |   0 | 
 6  6 |   0 | 
 7  8 |   0 | 
 9  9 |   0 | 
10 10 |   0 | 
11 11 |   0 | 
12 12 |   0 | 
13 13 |   0 | 
14 14 |   0 | 
15 16 |   0 | 
17 17 |   0 | 
18 18 |   0 | 
19 19 |   0 | 
20 20 |   0 | 
21 21 |   0 | 
22 22 |   1 | █

