10000 nodes / 35030 edges
1000 cars
100 bonus points
1640 duration
Outgoing distribution
  min 1
  avg 3.503
  max 4
  dev 0.144
1 1 |    1 | █
2 2 |    0 | 
2 2 |    0 | 
2 2 |    0 | 
2 2 |    0 | 
2 2 |    0 | 
2 2 |    0 | 
2 2 |    0 | 
2 2 |  100 | ██
3 3 |    0 | 
3 3 |    0 | 
3 3 |    0 | 
3 3 |    0 | 
3 3 |    0 | 
3 3 |    0 | 
3 3 |    0 | 
3 3 | 4767 | ███████████████████████████████████████████████████████████████████████████
4 4 |    0 | 
4 4 |    0 | 
4 4 |    0 | 
4 4 |    0 | 
4 4 |    0 | 
4 4 |    0 | 
4 4 |    0 | 
4 4 | 5132 | ████████████████████████████████████████████████████████████████████████████████

Incoming distribution
  min 1
  avg 3.503
  max 4
  dev 0.144
1 1 |    1 | █
2 2 |    0 | 
2 2 |    0 | 
2 2 |    0 | 
2 2 |    0 | 
2 2 |    0 | 
2 2 |    0 | 
2 2 |    0 | 
2 2 |  100 | ██
3 3 |    0 | 
3 3 |    0 | 
3 3 |    0 | 
3 3 |    0 | 
3 3 |    0 | 
3 3 |    0 | 
3 3 |    0 | 
3 3 | 4767 | ███████████████████████████████████████████████████████████████████████████
4 4 |    0 | 
4 4 |    0 | 
4 4 |    0 | 
4 4 |    0 | 
4 4 |    0 | 
4 4 |    0 | 
4 4 |    0 | 
4 4 | 5132 | ████████████████████████████████████████████████████████████████████████████████

Individual street lengths
  min 1
  avg 5.477
  max 10
  dev 2.813
 1  1 | 3494 | ██████████████████████████████████████████████████████████████████████████████
 2  2 |    0 | 
 2  2 | 3533 | ███████████████████████████████████████████████████████████████████████████████
 3  3 |    0 | 
 3  3 |    0 | 
 3  3 | 3470 | █████████████████████████████████████████████████████████████████████████████
 4  4 |    0 | 
 4  4 |    0 | 
 4  4 | 3601 | ████████████████████████████████████████████████████████████████████████████████
 5  5 |    0 | 
 5  5 |    0 | 
 5  5 | 3528 | ███████████████████████████████████████████████████████████████████████████████
 6  6 |    0 | 
 6  6 | 3491 | ██████████████████████████████████████████████████████████████████████████████
 7  7 |    0 | 
 7  7 |    0 | 
 7  7 | 3606 | ████████████████████████████████████████████████████████████████████████████████
 8  8 |    0 | 
 8  8 |    0 | 
 8  8 | 3508 | ██████████████████████████████████████████████████████████████████████████████
 9  9 |    0 | 
 9  9 |    0 | 
 9  9 | 3414 | ████████████████████████████████████████████████████████████████████████████
10 10 |    0 | 
10 10 | 3385 | ████████████████████████████████████████████████████████████████████████████

