500 nodes / 998 edges
1000 cars
500 bonus points
676 duration
Theoretical perfect score: 1175790
Outgoing distribution
  min 1
  avg 1.996
  max 249
  dev 11.046
  1  17 | 499 | ████████████████████████████████████████████████████████████████████████████████
 18  34 |   0 | 
 35  50 |   0 | 
 51  67 |   0 | 
 68  83 |   0 | 
 84 100 |   0 | 
101 116 |   0 | 
117 133 |   0 | 
134 149 |   0 | 
150 166 |   0 | 
167 182 |   0 | 
183 199 |   0 | 
200 215 |   0 | 
216 232 |   0 | 
233 249 |   1 | █

Incoming distribution
  min 1
  avg 1.996
  max 250
  dev 11.091
  1  17 | 499 | ████████████████████████████████████████████████████████████████████████████████
 18  34 |   0 | 
 35  50 |   0 | 
 51  67 |   0 | 
 68  83 |   0 | 
 84 100 |   0 | 
101 117 |   0 | 
118 133 |   0 | 
134 150 |   0 | 
151 166 |   0 | 
167 183 |   0 | 
184 200 |   0 | 
201 216 |   0 | 
217 233 |   0 | 
234 250 |   1 | █

Individual street lengths
  min 1
  avg 50.595
  max 100
  dev 28.446
  1   7 | 55 | ██████████████████████████████████████████████████████
  8  14 | 82 | ████████████████████████████████████████████████████████████████████████████████
 15  20 | 65 | ████████████████████████████████████████████████████████████████
 21  27 | 68 | ███████████████████████████████████████████████████████████████████
 28  33 | 53 | ████████████████████████████████████████████████████
 34  40 | 66 | █████████████████████████████████████████████████████████████████
 41  47 | 77 | ████████████████████████████████████████████████████████████████████████████
 48  53 | 61 | ████████████████████████████████████████████████████████████
 54  60 | 65 | ████████████████████████████████████████████████████████████████
 61  66 | 75 | ██████████████████████████████████████████████████████████████████████████
 67  73 | 66 | █████████████████████████████████████████████████████████████████
 74  80 | 69 | ████████████████████████████████████████████████████████████████████
 81  86 | 61 | ████████████████████████████████████████████████████████████
 87  93 | 77 | ████████████████████████████████████████████████████████████████████████████
 94  99 | 58 | █████████████████████████████████████████████████████████

Car path lengths
  min 0
  avg 0.210
  max 210
  dev 6.634
  0  10 | 999 | ████████████████████████████████████████████████████████████████████████████████
 11  20 |   0 | 
 21  31 |   0 | 
 32  41 |   0 | 
 42  52 |   0 | 
 53  62 |   0 | 
 63  73 |   0 | 
 74  83 |   0 | 
 84  94 |   0 | 
 95 104 |   0 | 
105 115 |   0 | 
116 125 |   0 | 
126 136 |   0 | 
137 146 |   0 | 
147 157 |   0 | 
158 167 |   0 | 
168 178 |   0 | 
179 188 |   0 | 
189 199 |   0 | 
200 209 |   1 | █

Car path street counts
  min 0
  avg 0.008
  max 8
  dev 0.251
0 0 | 999 | ████████████████████████████████████████████████████████████████████████████████
1 1 |   0 | 
1 1 |   0 | 
2 2 |   0 | 
2 2 |   0 | 
2 2 |   0 | 
3 3 |   0 | 
3 3 |   0 | 
4 4 |   0 | 
4 4 |   0 | 
4 4 |   0 | 
5 5 |   0 | 
5 5 |   0 | 
6 6 |   0 | 
6 6 |   0 | 
6 6 |   0 | 
7 7 |   0 | 
7 7 |   0 | 
8 8 |   0 | 
8 8 |   1 | █

