1662 nodes / 10000 edges
1000 cars
500 bonus points
1992 duration
Outgoing distribution
  min 1
  avg 6.017
  max 39
  dev 5.342
 1  2 | 499 | ████████████████████████████████████████████████████████████████████████████████
 3  4 | 348 | ████████████████████████████████████████████████████████
 5  6 | 270 | ████████████████████████████████████████████
 7  8 | 158 | ██████████████████████████
 9 10 | 122 | ████████████████████
11 12 |  67 | ███████████
13 14 |  64 | ███████████
15 16 |  41 | ███████
17 18 |  31 | █████
19 19 |   9 | ██
20 21 |  19 | ████
22 23 |  12 | ██
24 25 |   8 | ██
26 27 |   5 | █
28 29 |   3 | █
30 31 |   1 | █
32 33 |   1 | █
34 35 |   2 | █
36 37 |   1 | █
38 38 |   1 | █

Incoming distribution
  min 1
  avg 6.017
  max 35
  dev 5.382
 1  2 | 504 | ████████████████████████████████████████████████████████████████████████████████
 3  4 | 364 | ██████████████████████████████████████████████████████████
 5  6 | 243 | ███████████████████████████████████████
 7  7 |  93 | ███████████████
 8  9 | 130 | █████████████████████
10 11 |  93 | ███████████████
12 12 |  43 | ███████
13 14 |  49 | ████████
15 16 |  42 | ███████
17 17 |  21 | ████
18 19 |  24 | ████
20 21 |  17 | ███
22 23 |  12 | ██
24 24 |   7 | ██
25 26 |   8 | ██
27 28 |   4 | █
29 29 |   3 | █
30 31 |   4 | █
32 33 |   0 | 
34 34 |   1 | █

Individual street lengths
  min 1
  avg 5.500
  max 10
  dev 2.818
 1  1 |  995 | ████████████████████████████████████████████████████████████████████████████
 2  2 |    0 | 
 2  2 |  991 | ████████████████████████████████████████████████████████████████████████████
 3  3 |    0 | 
 3  3 |    0 | 
 3  3 | 1031 | ███████████████████████████████████████████████████████████████████████████████
 4  4 |    0 | 
 4  4 |    0 | 
 4  4 |  951 | █████████████████████████████████████████████████████████████████████████
 5  5 |    0 | 
 5  5 |    0 | 
 5  5 |  991 | ████████████████████████████████████████████████████████████████████████████
 6  6 |    0 | 
 6  6 | 1049 | ████████████████████████████████████████████████████████████████████████████████
 7  7 |    0 | 
 7  7 |    0 | 
 7  7 | 1001 | █████████████████████████████████████████████████████████████████████████████
 8  8 |    0 | 
 8  8 |    0 | 
 8  8 | 1012 | ██████████████████████████████████████████████████████████████████████████████
 9  9 |    0 | 
 9  9 |    0 | 
 9  9 | 1017 | ██████████████████████████████████████████████████████████████████████████████
10 10 |    0 | 
10 10 |  962 | ██████████████████████████████████████████████████████████████████████████

